SAMPLE.309.GA5.60 SAMPLE.311.GA6.60 SAMPLE.313.GA7.60 SAMPLE.315.GA8.60 SAMPLE.317.GP.5.60 SAMPLE.319.GP.6.60 SAMPLE.321.GP.7.60 SAMPLE.323.GP.8.60 SAMPLE.327.GF.II6.60 SAMPLE.329.GF.II.7.60 SAMPLE.331.GF.II.8.60 SAMPLE.405.MA5.60 SAMPLE.407.MA6.60 SAMPLE.409.MA7.60 SAMPLE.411.MA8.60 SAMPLE.413.MP.5.60 SAMPLE.415.MP.6.60 SAMPLE.417.MP.7.60 SAMPLE.419.MP.8.60 SAMPLE.421.MF.II.5.60 SAMPLE.423.MF.II6.60 SAMPLE.425.MF.II.7.60 SAMPLE.427.MF.II.8.60
OTU_1 78 61 44 223 48 15 116 142 163 203 282 202 36 172 202 103 89 213 119 176 36 279 152
OTU_2 2 6 6 22 1 1 12 11 18 20 16 477 142 248 461 52 12 146 14 8 4 125 39
OTU_3 56 44 39 191 89 39 437 221 243 233 240 76 28 42 73 111 124 128 117 380 143 332 140
OTU_4 46 26 29 108 51 41 320 195 39 56 48 84 36 67 102 161 188 287 152 503 251 430 157
OTU_5 20 7 8 83 2 2 36 23 12 23 33 562 141 325 624 135 584 484 428 23 7 98 23
OTU_6 50 27 29 120 16 10 173 85 14 22 25 156 48 97 158 121 161 191 180 218 100 162 71
OTU_7 36 54 53 209 81 54 539 290 27 27 38 56 30 40 80 46 218 202 181 1072 422 381 111
OTU_8 15 3 1 15 6 1 11 7 5 10 8 112 32 70 102 11 20 39 36 131 78 165 102
OTU_9 13 6 6 29 11 2 61 30 12 10 8 117 45 64 105 37 101 120 84 154 77 108 43
OTU_10 36 37 42 127 44 55 365 262 10 36 122 60 23 38 57 60 214 142 183 30 7 67 23
OTU_11 16 8 5 40 10 8 87 32 14 14 17 227 72 124 195 98 121 222 109 424 233 370 104
OTU_12 4 6 2 15 4 1 6 12 10 18 9 356 91 168 329 237 53 269 47 8 3 95 27
OTU_13 1 4 8 28 2 3 10 12 578 631 1090 6 2 7 13 9 3 9 7 8 5 9 2
OTU_14 47 6 4 35 1 2 72 17 5 11 6 94 36 51 75 16 9 13 23 7 4 10 6
OTU_15 17 15 18 116 9 0 127 41 2 2 6 46 16 25 20 77 152 76 101 7 3 11 9
OTU_16 33 6 7 41 8 10 66 40 6 8 13 60 16 35 58 141 74 76 49 136 50 230 87
OTU_17 4 30 37 101 1 2 5 6 1 88 327 2 1 6 1 4 1 5 5 3 2 10 1
OTU_18 9 2 1 4 1 0 1 3 1 7 10 175 58 84 147 140 17 66 17 8 2 35 16
OTU_19 5 10 9 21 35 12 60 56 98 399 208 8 2 3 5 3 22 11 19 79 35 43 16
OTU_20 8 3 6 10 1 1 55 18 1 2 4 5 8 7 14 28 97 92 116 82 37 72 26
OTU_21 21 29 27 123 24 11 282 106 6 5 5 5 0 10 7 3 11 4 5 1 2 6 0
OTU_22 4 8 8 28 8 4 10 11 498 571 549 10 0 10 9 6 1 8 6 3 3 16 4
OTU_23 9 13 12 42 19 10 51 27 146 338 324 6 2 3 1 3 3 6 8 13 4 6 5
OTU_24 6 6 1 11 2 1 11 10 4 8 3 20 7 12 14 2 60 81 37 86 43 115 31
OTU_25 2 1 6 28 6 4 118 51 291 261 479 5 0 6 8 5 13 6 19 25 6 19 4
OTU_26 16 9 6 33 1 0 35 15 3 2 6 43 14 29 34 11 28 31 58 20 5 19 6
OTU_27 33 89 62 302 15 5 112 41 5 5 4 6 2 9 11 6 3 7 2 4 1 7 2
OTU_28 12 19 17 61 7 9 92 67 4 4 6 1 1 0 6 5 14 31 14 28 27 41 7
OTU_29 18 11 17 25 8 1 11 6 20 28 33 28 11 24 34 16 30 57 20 54 26 64 36
OTU_30 2 1 1 6 0 0 0 3 9 4 5 42 18 28 56 15 45 149 53 41 19 62 16
OTU_31 11 7 4 17 2 2 36 24 4 5 7 18 9 9 19 5 31 52 45 48 27 48 14
OTU_32 1 3 5 27 2 1 3 3 124 220 146 3 1 0 3 1 0 1 3 5 1 3 1
OTU_33 12 2 1 7 2 0 4 7 1 1 5 53 23 41 57 25 17 12 13 17 11 11 8
OTU_34 2 26 12 66 14 8 43 29 188 226 204 2 1 4 8 1 12 8 6 15 3 21 5
OTU_35 9 6 2 12 3 1 20 17 1 3 4 44 13 36 43 47 61 61 46 34 18 54 10
OTU_36 7 9 11 35 8 3 48 35 4 22 10 6 2 2 8 3 18 15 10 163 38 103 48
OTU_37 3 0 2 8 2 1 4 5 3 2 4 57 35 42 77 87 8 57 9 11 1 11 9
OTU_38 2 3 2 6 1 0 1 5 4 5 8 46 20 24 38 95 28 44 54 16 9 66 28
OTU_39 6 13 15 41 6 1 21 20 236 117 221 3 0 2 2 1 8 2 1 3 2 5 2
OTU_40 16 9 9 39 2 4 120 33 4 5 3 5 1 7 7 9 59 22 45 111 40 42 10
OTU_41 13 2 6 21 4 0 11 10 3 5 4 27 9 8 24 19 27 31 22 27 17 48 22
OTU_42 5 2 1 6 5 1 10 9 1 6 3 18 8 2 15 24 31 50 16 41 20 45 9
OTU_43 9 1 1 1 1 3 8 4 3 2 4 38 8 21 33 41 20 53 22 5 9 17 4
OTU_44 29 12 16 61 17 3 76 59 10 9 14 21 9 17 20 21 81 137 69 35 23 129 19
OTU_45 31 28 21 127 38 27 269 110 3 9 5 16 7 10 10 96 44 24 47 136 81 89 17
OTU_46 1 3 7 17 2 2 20 9 98 244 114 3 1 1 3 2 1 0 3 5 2 4 1
OTU_47 1 1 2 3 0 0 5 3 215 175 325 3 0 3 4 2 3 1 1 4 1 3 2
OTU_48 13 1 1 5 2 0 6 9 5 5 9 108 35 63 85 83 11 50 24 35 10 37 21
OTU_49 21 4 3 23 4 1 23 15 6 1 9 49 32 35 55 18 23 8 26 38 11 55 13
OTU_50 66 19 25 103 27 14 119 97 73 83 58 114 37 83 98 80 122 155 106 250 132 296 119
OTU_51 21 1 7 9 0 0 4 3 1 6 3 59 13 44 71 22 11 5 17 8 7 21 3
OTU_52 13 3 4 33 1 2 4 13 1 4 2 67 18 33 62 7 8 7 3 6 9 12 4
OTU_53 4 1 0 7 0 2 12 8 2 3 1 34 9 27 30 30 13 38 15 36 24 41 9
OTU_54 6 7 11 43 15 9 92 54 19 19 30 32 14 26 26 36 36 36 42 113 52 160 42
OTU_55 1 1 2 5 1 1 6 2 20 20 444 1 0 2 3 0 1 1 1 1 2 2 1
OTU_56 5 1 0 3 2 1 8 5 1 8 1 63 27 27 79 59 11 34 13 7 2 15 7
OTU_57 8 0 0 4 0 0 3 3 2 4 2 43 10 16 35 4 13 30 18 9 5 30 11
OTU_58 23 5 7 41 6 0 32 15 10 4 4 63 17 27 46 10 58 50 57 70 17 84 40
OTU_59 14 52 57 245 45 14 192 103 30 53 42 4 1 3 12 4 23 7 9 15 7 11 4
OTU_60 1 2 2 12 2 1 11 9 380 310 607 3 1 4 9 3 1 3 3 4 5 7 1
OTU_61 6 3 5 21 6 5 36 17 3 9 9 21 5 12 19 45 44 45 22 97 34 61 44
OTU_62 22 5 8 31 15 6 28 19 3 3 1 10 4 10 13 17 35 2 20 44 15 93 40
OTU_63 3 5 5 35 10 2 18 12 38 53 56 4 0 3 4 1 1 4 1 11 9 43 9
OTU_64 1 2 2 8 5 1 10 8 226 193 367 6 0 3 2 3 1 6 3 13 3 13 2
OTU_65 1 0 0 3 1 0 3 0 2 3 3 43 11 20 42 12 8 23 11 26 6 17 11
OTU_66 0 1 2 3 1 2 1 6 16 248 86 2 0 1 2 2 0 0 0 4 2 5 0
OTU_67 8 2 8 51 12 2 66 20 3 6 4 5 5 5 13 8 12 15 19 3 4 9 2
OTU_68 1 9 4 8 1 1 6 6 127 229 341 4 0 4 3 0 4 5 3 4 0 6 1
OTU_69 0 84 84 210 17 10 7 19 56 48 66 5 0 2 4 1 2 5 1 0 0 6 0
OTU_70 5 1 1 6 1 2 7 4 1 3 4 9 4 9 13 21 12 16 6 25 9 34 25
OTU_71 7 1 1 6 1 0 12 2 4 4 4 40 15 31 32 71 47 70 45 18 3 30 7
OTU_72 5 7 1 10 1 5 26 15 1 3 1 4 2 3 6 9 47 41 35 61 17 26 2
OTU_73 10 2 1 12 1 0 23 10 4 7 6 45 29 29 52 96 20 38 52 59 20 54 30
OTU_74 18 2 4 22 2 1 18 9 2 3 3 58 13 35 33 37 7 29 18 27 6 23 7
OTU_75 0 1 0 1 1 0 3 2 27 173 145 1 0 0 0 2 1 5 1 0 0 2 1
OTU_76 1 1 0 0 4 1 6 14 3 1 2 3 0 4 2 6 12 9 14 51 39 52 19
OTU_77 2 44 42 179 25 1 0 19 1 15 28 5 0 4 4 1 0 0 1 1 1 1 0
OTU_78 11 1 8 32 5 6 45 28 7 13 4 5 0 3 5 5 51 7 30 33 8 14 13
OTU_79 6 0 1 1 0 0 0 0 3 4 5 43 19 28 36 38 13 40 14 12 2 46 18
OTU_80 7 15 9 20 2 1 41 19 0 3 1 4 0 1 3 2 62 42 37 37 17 32 10
OTU_81 7 0 1 7 2 1 13 8 8 7 8 68 41 47 89 18 71 38 49 69 27 137 54
OTU_82 2 1 1 1 0 0 0 1 2 2 3 54 19 16 34 6 3 31 8 2 0 3 5
OTU_83 2 0 1 1 0 0 0 0 1 2 2 20 53 5 20 0 1 2 0 3 1 4 1
OTU_84 13 11 7 80 5 0 39 8 3 5 6 6 2 10 19 5 15 4 7 22 7 25 11
OTU_85 2 3 6 14 4 2 15 9 1 5 5 2 0 3 2 5 15 21 10 29 10 65 41
OTU_86 30 0 1 3 0 0 2 2 2 4 4 14 10 9 24 10 4 32 14 8 8 13 6
OTU_87 3 1 3 14 2 0 4 4 1 3 0 15 4 14 7 1 10 0 12 34 9 35 10
OTU_88 12 6 3 29 0 1 74 12 8 1 4 73 35 39 72 29 5 13 11 13 5 11 8
OTU_89 12 12 9 43 9 4 52 39 5 4 4 15 3 7 12 43 68 23 48 56 25 52 13
OTU_90 13 4 4 22 6 2 36 20 2 5 7 30 8 18 19 23 42 32 49 63 47 45 28
OTU_91 4 0 0 3 0 0 3 0 2 3 1 14 6 17 26 27 16 35 14 13 1 11 3
OTU_92 8 4 2 14 6 2 55 21 2 5 9 33 15 22 44 73 53 86 63 61 23 56 23
OTU_93 0 1 2 8 0 0 14 8 5 1 1 9 4 12 5 12 24 11 10 2 1 7 0
OTU_94 2 2 1 9 1 0 3 2 1 0 2 28 16 22 31 6 0 9 0 1 0 10 10
OTU_95 26 28 26 144 8 2 19 10 2 6 6 19 5 7 8 11 19 2 9 7 3 14 3
OTU_96 3 0 0 6 0 3 32 12 3 2 0 2 1 2 2 63 24 13 26 22 3 7 2
OTU_97 0 0 0 1 0 1 1 1 1 0 3 5 5 6 10 5 9 11 7 23 10 26 16
OTU_98 3 1 1 12 2 0 19 11 3 1 4 12 5 7 7 19 44 12 31 4 2 5 0
OTU_99 1 0 0 1 0 0 1 1 0 3 1 20 4 11 23 19 8 15 10 1 1 7 2
OTU_100 27 2 0 11 2 0 5 5 4 4 3 80 27 37 61 17 22 85 44 54 43 51 24
OTU_101 6 1 3 20 1 4 31 23 4 12 3 1 2 0 5 4 26 18 20 49 18 44 6
OTU_102 6 22 17 89 20 5 41 30 4 15 24 2 0 1 5 3 8 1 3 14 2 10 8
OTU_103 2 1 1 8 4 0 9 2 111 142 69 2 1 3 2 2 2 2 3 11 3 6 4
OTU_104 21 0 1 8 2 3 17 10 2 1 2 27 10 14 30 59 13 23 14 14 8 21 8
OTU_105 13 1 2 7 1 1 7 1 2 2 2 29 11 12 17 38 21 117 49 58 6 33 14
OTU_106 4 2 1 9 4 1 16 11 2 4 2 7 1 4 7 9 16 9 18 89 19 98 31
OTU_107 1 0 0 1 0 0 0 1 1 2 0 41 10 29 52 5 2 3 3 0 1 0 1
OTU_108 6 0 0 5 4 0 3 2 4 5 2 50 19 23 50 20 11 23 11 11 6 20 6
OTU_109 9 3 6 18 4 9 11 9 8 24 11 9 9 6 7 12 11 3 3 8 1 13 4
OTU_110 14 0 1 1 1 0 0 4 2 1 2 32 12 26 32 30 11 45 18 21 5 20 12
OTU_111 5 10 9 29 16 13 64 66 2 9 9 3 0 4 4 4 5 3 3 17 1 17 6
OTU_112 6 0 1 7 0 1 24 8 0 0 0 10 4 4 9 3 14 3 3 32 5 31 4
OTU_113 28 3 3 41 17 1 11 24 3 7 16 2 1 2 2 3 1 2 3 2 0 3 1
OTU_114 14 1 4 14 3 0 6 8 1 5 6 24 7 22 25 18 32 37 36 39 20 53 19
OTU_115 9 0 0 1 0 0 0 2 0 1 0 20 4 21 29 0 2 1 1 0 0 1 0
OTU_116 2 10 4 25 6 8 13 12 149 98 226 2 0 4 5 1 0 4 1 2 0 3 2
OTU_117 3 9 9 30 6 2 40 16 1 6 2 9 4 2 5 3 6 6 2 2 1 3 2
OTU_118 3 11 5 14 6 3 29 19 2 2 1 2 1 4 6 5 4 6 7 1 0 15 2
OTU_119 6 0 0 16 1 2 5 1 2 4 2 30 7 15 34 1 64 34 61 27 9 60 22
OTU_120 3 9 9 30 1 7 15 13 60 139 99 0 0 2 2 1 4 6 6 14 7 3 1
OTU_121 0 0 0 2 0 0 2 0 1 2 0 36 25 22 38 48 2 23 6 1 2 14 4
OTU_122 6 5 3 11 3 1 22 9 1 5 4 16 8 7 8 15 29 28 17 54 21 13 6
OTU_123 5 6 4 18 3 0 20 8 109 123 158 5 3 7 4 3 3 2 3 11 6 11 7
OTU_124 0 0 2 1 0 0 2 2 142 115 137 0 0 1 1 0 1 3 2 1 0 3 1
OTU_125 3 0 0 5 1 1 1 1 0 1 1 6 2 1 6 3 1 4 4 1 1 4 1
OTU_126 1 0 0 0 5 4 38 35 2 2 2 8 5 5 3 44 26 21 12 0 0 2 0
OTU_127 9 5 13 33 1 2 17 7 2 2 0 2 1 1 0 3 2 7 3 14 1 24 6
OTU_128 9 2 0 3 2 1 10 6 3 2 4 78 21 22 29 4 2 4 9 33 14 21 13
OTU_129 2 1 1 5 1 0 16 11 2 4 2 18 8 12 7 56 13 29 12 2 3 5 5
OTU_130 1 1 1 3 1 0 10 6 4 6 4 19 5 5 11 23 29 23 20 57 22 39 32
OTU_131 3 1 4 7 2 2 12 5 1 0 0 13 5 5 14 2 20 62 13 10 5 8 4
OTU_132 11 0 0 0 0 0 5 1 1 0 2 32 9 21 29 8 5 8 3 1 1 9 9
OTU_133 1 6 5 19 1 4 35 9 36 59 95 1 0 1 1 0 2 2 4 2 2 4 1
OTU_134 10 2 1 14 1 1 5 2 2 3 2 11 7 9 11 15 9 17 5 32 10 30 17
OTU_135 1 0 1 0 0 0 1 0 101 29 66 1 1 0 1 0 0 3 0 0 2 2 1
OTU_136 1 10 14 34 4 2 5 23 1 1 2 1 0 2 5 1 14 5 1 40 27 79 47
OTU_137 16 6 0 8 0 0 5 1 2 6 7 25 12 25 29 19 6 2 6 7 9 5 4
OTU_138 2 1 1 6 1 0 3 3 5 1 0 17 8 10 10 23 9 29 17 30 18 15 6
OTU_139 9 1 2 7 1 1 10 8 4 1 0 9 2 3 4 17 15 29 19 13 10 22 9
OTU_140 35 4 8 19 5 7 42 34 4 9 9 73 28 30 50 28 26 43 23 22 11 19 15
OTU_141 5 3 3 17 12 9 71 46 0 3 2 4 0 2 3 9 16 7 14 45 17 34 8
OTU_142 5 1 0 7 3 2 96 6 0 3 3 21 7 11 20 18 8 13 21 39 14 37 10
OTU_143 26 8 14 60 8 1 57 22 2 27 13 57 27 24 32 58 41 23 37 35 11 31 14
OTU_144 3 0 1 6 2 0 5 2 1 5 0 4 2 3 10 1 39 28 31 130 40 52 10
OTU_145 0 0 0 1 0 0 1 0 38 84 97 1 0 0 1 1 0 1 2 0 0 0 0
OTU_146 2 3 4 16 19 1 24 25 44 45 113 1 0 4 1 4 4 1 5 15 2 8 3
OTU_147 1 0 1 1 2 0 1 0 0 1 0 4 1 9 10 28 10 8 11 6 1 8 6
OTU_148 3 1 1 0 1 2 12 8 1 4 2 7 4 4 10 4 19 18 14 39 20 41 27
OTU_149 0 1 1 1 0 0 1 2 1 4 4 17 11 8 18 9 62 23 35 4 1 3 2
OTU_150 6 5 2 5 0 0 11 9 1 3 2 6 3 6 6 5 14 5 7 16 9 53 19
OTU_151 2 2 1 4 2 2 12 13 0 1 4 0 1 1 1 3 11 10 8 46 14 49 16
OTU_152 8 4 3 11 4 3 15 10 3 4 6 14 2 6 15 7 18 17 11 17 9 18 13
OTU_153 2 0 0 1 0 0 3 1 1 3 0 23 9 11 21 6 2 10 6 10 4 12 1
OTU_154 2 17 15 50 13 4 23 13 0 3 2 2 0 0 1 2 1 2 1 0 0 3 0
OTU_155 5 0 0 2 1 0 11 0 3 0 4 7 1 2 4 12 9 4 14 30 17 33 9
OTU_156 2 0 0 9 2 0 13 4 3 1 2 15 7 9 19 23 23 28 13 8 8 11 3
OTU_157 2 1 0 6 2 0 1 1 73 45 56 1 0 0 0 1 0 1 0 0 0 1 1
OTU_158 6 0 0 4 0 1 4 6 1 2 1 26 8 20 17 3 6 6 6 7 4 8 6
OTU_159 6 0 1 17 4 0 27 25 1 1 5 4 1 2 5 4 19 20 20 2 2 13 4
OTU_160 2 7 4 11 1 1 9 3 1 1 1 26 12 15 29 2 6 2 3 2 0 3 2
OTU_161 23 15 8 42 5 2 28 21 3 4 6 24 7 12 30 34 20 16 15 38 14 43 20
OTU_162 3 3 6 13 9 5 49 21 0 3 3 0 0 0 0 2 19 20 14 9 2 2 2
OTU_163 1 3 2 20 2 2 21 12 2 1 3 1 0 2 1 0 1 2 0 29 12 16 4
OTU_164 45 28 18 98 5 1 26 9 4 5 4 20 9 16 30 23 37 23 29 8 6 3 3
OTU_165 2 0 3 10 5 2 6 2 236 259 234 2 0 0 4 1 3 1 3 5 1 2 0
OTU_166 7 3 0 5 1 0 6 1 1 0 2 13 2 8 15 17 5 7 16 35 18 20 18
OTU_167 1 0 1 1 1 0 25 5 1 0 1 0 1 2 1 1 4 2 1 13 4 20 9
OTU_168 5 0 0 4 1 0 1 0 3 2 1 24 6 25 36 6 22 26 26 40 31 26 20
OTU_169 5 1 5 9 1 2 13 9 0 2 0 2 0 2 0 3 1 4 0 5 3 33 23
OTU_170 2 6 5 8 4 1 5 3 4 1 3 13 2 3 5 5 13 9 8 13 9 20 8
OTU_171 2 4 7 20 12 6 79 47 1 2 3 2 0 1 1 2 5 1 2 20 7 6 1
OTU_172 1 0 0 1 1 0 0 0 0 2 2 21 7 7 13 2 1 3 0 3 0 1 2
OTU_173 3 5 0 2 1 0 8 1 6 2 1 5 4 3 9 0 9 9 5 15 4 14 6
OTU_174 17 4 3 16 1 0 26 24 10 5 7 24 10 21 27 37 19 20 19 18 6 19 2
OTU_175 1 2 1 28 1 0 5 7 3 1 2 7 5 13 12 5 19 12 15 25 12 26 6
OTU_176 5 8 7 27 2 2 23 6 1 2 3 1 0 2 1 2 6 17 12 11 1 4 3
OTU_177 0 3 2 5 0 0 3 1 26 82 45 0 0 0 4 1 1 0 1 4 3 0 1
OTU_178 2 1 1 6 1 0 5 4 0 1 2 2 1 2 7 3 15 13 15 12 1 17 2
OTU_179 1 2 4 19 3 0 9 4 1 1 1 17 6 3 15 19 9 13 7 20 11 19 11
OTU_180 4 4 4 6 4 3 14 11 40 38 40 2 0 3 0 1 4 1 1 10 4 11 1
OTU_181 17 3 5 39 8 6 20 9 2 3 5 46 23 22 47 32 43 41 37 31 22 33 13
OTU_182 0 3 1 8 4 2 4 9 26 40 90 3 0 3 1 4 5 3 2 15 6 23 13
OTU_183 4 4 1 9 0 1 26 10 1 1 0 3 0 1 1 0 15 3 4 5 0 3 1
OTU_184 2 2 5 8 3 2 4 1 24 137 121 1 0 2 2 0 2 4 0 1 1 0 3
OTU_185 22 0 1 0 0 0 0 0 0 1 1 15 5 8 7 6 1 6 9 9 3 19 1
OTU_186 7 1 3 6 5 1 9 8 3 1 2 7 4 1 3 2 13 12 11 38 11 29 13
OTU_187 9 5 6 17 5 0 38 24 2 5 1 3 6 2 3 7 18 16 21 44 5 25 14
OTU_188 1 1 1 4 0 0 5 4 1 0 1 10 6 10 7 9 11 6 6 15 2 6 5
OTU_189 5 0 0 1 0 2 23 3 1 1 0 11 2 3 8 2 4 9 12 34 15 30 17
OTU_190 2 2 2 1 0 4 7 6 0 3 3 6 2 2 8 9 12 11 11 23 8 18 7
OTU_191 17 1 7 21 2 0 5 0 2 20 3 1 0 0 2 3 2 3 1 10 1 8 3
OTU_192 1 0 0 2 0 0 5 10 1 0 1 11 8 7 5 6 12 10 6 14 10 11 12
OTU_193 1 0 0 5 0 0 12 4 1 0 2 4 1 2 6 1 4 5 4 20 14 18 16
OTU_194 9 4 4 13 1 0 1 1 0 0 2 18 4 1 11 12 7 14 6 2 2 10 3
OTU_195 14 15 6 46 1 1 4 4 0 0 0 2 2 2 4 2 1 1 5 4 3 3 4
OTU_196 4 0 0 11 1 0 19 8 0 1 1 0 0 2 3 4 15 11 7 20 7 6 2
OTU_197 12 5 8 39 1 2 39 10 0 1 0 0 0 0 1 8 5 5 2 10 0 2 0
OTU_198 2 4 8 23 2 2 8 8 4 30 9 2 0 1 4 4 9 4 13 15 10 24 12
OTU_199 13 6 5 18 4 0 2 2 0 0 1 7 0 0 4 4 5 6 3 7 5 7 3
OTU_200 3 0 0 8 1 0 4 3 3 3 2 34 11 14 39 18 16 35 24 14 7 18 6
OTU_201 2 7 6 24 5 2 42 17 43 48 71 0 0 2 1 1 0 0 1 1 1 3 0
OTU_202 8 4 3 20 2 0 27 17 1 1 2 4 0 2 6 2 34 56 47 4 3 26 4
OTU_203 1 0 0 3 1 0 2 1 1 1 2 26 6 13 17 6 5 12 6 16 3 28 8
OTU_204 4 0 0 4 0 0 1 1 1 1 0 18 10 13 24 3 17 32 12 25 13 21 5
OTU_205 2 8 1 13 0 1 4 4 0 2 1 1 2 1 1 2 20 8 13 31 15 21 9
OTU_206 11 0 2 13 1 0 9 6 1 1 0 14 4 5 15 0 40 31 41 3 1 9 1
OTU_207 0 0 1 5 0 0 8 6 0 2 3 1 1 3 4 10 3 4 10 35 4 16 4
OTU_208 1 0 1 4 1 0 3 3 1 1 0 13 3 9 12 5 12 13 6 5 2 9 3
OTU_209 15 1 1 16 0 1 1 1 1 0 0 0 1 0 1 11 13 2 6 4 8 6 1
OTU_210 0 0 0 7 1 2 18 10 0 2 2 1 0 1 2 1 8 3 13 37 28 43 21
OTU_211 4 8 2 27 6 2 42 20 3 3 2 8 1 4 7 17 19 19 12 14 4 13 7
OTU_212 0 20 24 73 13 1 32 22 2 1 1 1 0 2 2 2 0 1 0 7 0 4 4
OTU_213 0 9 3 3 1 1 2 0 3 43 137 0 0 0 1 1 1 1 0 1 0 1 1
OTU_214 1 10 5 20 5 1 24 13 1 0 0 0 0 1 1 0 3 0 0 12 2 21 4
OTU_215 1 5 3 16 4 0 31 14 2 5 1 3 1 3 2 4 61 43 37 6 0 2 1
OTU_216 1 3 2 13 3 2 11 6 0 0 1 0 0 1 1 3 4 2 3 3 3 11 9
OTU_217 3 0 3 5 3 0 10 10 1 3 0 8 1 5 5 8 17 9 6 19 7 24 4
OTU_218 8 1 2 18 6 1 16 7 2 1 0 18 4 12 36 8 19 36 27 8 3 14 6
OTU_219 3 1 3 7 5 0 12 9 4 8 5 39 13 20 38 32 11 24 16 39 14 30 16
OTU_220 13 12 22 44 10 16 89 89 7 15 55 17 12 13 28 11 19 24 25 14 7 16 10
OTU_221 7 3 3 9 5 3 14 17 1 8 0 1 3 0 3 3 17 11 9 29 9 29 12
OTU_222 14 9 11 33 8 8 57 21 15 8 20 8 2 4 6 11 12 14 22 85 17 89 20
OTU_223 1 4 2 18 1 0 10 5 27 32 98 1 0 1 1 0 2 2 0 4 1 3 0
OTU_224 2 0 0 0 0 0 0 2 1 0 1 6 2 9 6 29 1 16 2 0 0 1 4
OTU_225 1 0 0 2 0 0 0 0 2 2 1 7 5 13 15 4 3 4 2 2 0 0 1
OTU_226 0 0 0 1 0 0 0 0 0 4 3 38 13 25 43 6 0 10 1 0 2 3 0
OTU_227 4 3 3 29 1 5 28 14 42 58 40 1 0 0 0 2 2 1 1 6 1 1 0
OTU_228 0 0 0 0 0 0 1 0 1 1 1 9 5 5 2 1 2 11 4 17 19 14 4
OTU_229 1 2 0 1 0 0 4 3 0 3 1 4 1 2 4 4 14 6 11 33 11 30 10
OTU_230 4 3 10 18 5 2 25 15 21 39 58 1 0 2 5 2 4 1 7 14 4 21 6
OTU_231 5 2 1 5 2 0 18 14 1 2 0 2 0 2 8 2 1 4 7 15 7 12 1
OTU_232 1 0 0 0 0 0 0 0 4 1 3 20 6 3 16 18 16 26 26 8 9 21 7
OTU_233 2 0 0 0 0 0 1 0 0 1 0 10 4 4 7 21 3 10 7 4 1 4 0
OTU_234 0 0 0 2 0 0 0 2 27 58 20 1 0 0 0 1 1 2 1 0 0 0 0
OTU_235 4 6 10 34 5 4 15 11 20 10 15 14 4 7 9 5 5 23 6 29 16 51 18
OTU_236 0 3 1 12 2 1 0 0 37 13 35 1 0 0 0 0 1 1 0 0 1 1 0
OTU_237 2 1 1 7 2 0 4 1 1 2 0 14 3 7 16 25 17 25 23 19 9 12 5
OTU_238 3 1 0 6 1 0 22 5 0 1 1 1 0 0 1 9 14 13 11 3 0 3 1
OTU_239 2 0 0 1 0 1 0 0 2 1 0 28 13 15 36 10 1 9 1 1 0 10 0
OTU_240 15 8 9 28 8 1 11 10 5 3 1 10 2 0 4 7 23 16 18 21 7 24 9
OTU_241 6 0 0 13 1 0 1 0 1 1 1 9 5 3 4 3 8 9 5 5 2 13 5
OTU_242 2 2 1 10 4 0 18 7 1 1 1 3 5 3 5 2 13 14 17 52 12 20 8
OTU_243 2 5 5 26 15 5 40 18 0 2 0 0 0 0 0 2 1 1 1 8 2 5 0
OTU_244 1 0 0 0 0 0 5 2 0 0 0 5 6 6 8 3 3 6 11 13 4 6 1
OTU_245 2 0 1 8 2 0 10 6 1 0 0 4 1 3 4 21 12 12 10 19 4 18 7
OTU_246 0 0 0 0 1 0 3 0 0 1 0 0 0 2 1 0 3 2 1 15 12 12 13
OTU_247 2 1 0 8 1 2 17 12 208 82 310 2 0 3 5 1 0 3 2 2 1 5 1
OTU_248 3 8 3 12 4 1 6 14 1 1 2 1 0 1 1 0 0 2 0 2 1 1 1
OTU_249 14 0 1 0 0 0 3 2 1 0 1 22 9 13 25 12 0 6 0 6 2 14 3
OTU_250 0 1 1 3 5 1 33 9 0 0 1 5 0 3 6 4 6 8 9 25 7 15 9
OTU_251 0 2 2 8 3 0 2 1 62 37 26 2 0 0 0 0 0 0 0 0 0 1 0
OTU_252 0 1 2 3 3 0 5 2 10 30 23 2 0 1 2 1 0 0 1 9 3 19 4
OTU_253 1 0 0 3 0 0 2 1 0 1 0 3 1 4 12 2 1 11 5 11 3 5 1
OTU_254 1 0 2 2 0 0 1 0 0 0 0 1 0 0 3 1 1 1 2 17 9 13 11
OTU_255 2 1 1 4 0 0 2 4 1 0 0 13 4 6 13 2 49 101 30 9 1 24 4
OTU_256 2 4 8 15 1 1 18 10 6 2 2 4 0 0 2 0 10 3 6 2 0 2 1
OTU_257 3 1 0 0 0 0 2 0 0 0 1 8 3 3 8 1 18 7 9 12 10 26 13
OTU_258 19 0 2 15 1 0 4 3 3 4 5 37 18 36 40 9 1 9 11 9 7 9 3
OTU_259 1 0 0 0 0 0 0 0 27 26 70 0 0 2 0 0 1 2 0 0 1 1 0
OTU_260 6 2 1 2 1 0 4 6 0 2 2 12 4 5 7 4 2 3 4 1 0 2 1
OTU_261 17 6 5 26 2 0 3 7 1 3 1 3 0 1 1 6 3 12 2 14 4 2 1
OTU_262 1 0 0 2 0 1 0 1 2 2 1 21 9 21 19 38 5 17 7 3 2 15 9
OTU_263 0 0 0 0 0 0 0 0 0 0 0 2 0 3 0 11 12 22 13 1 0 1 0
OTU_264 11 0 0 1 0 1 2 0 0 3 1 11 3 5 4 8 1 11 6 1 2 4 1
OTU_265 7 2 1 2 1 0 2 0 2 2 4 34 8 25 45 11 8 12 5 21 8 15 5
OTU_266 4 0 2 4 1 1 5 11 1 0 0 7 5 5 6 3 9 4 3 1 2 2 0
OTU_267 0 2 0 6 0 1 2 0 36 76 78 0 1 1 0 1 0 0 0 0 1 3 0
OTU_268 2 2 2 5 1 0 5 0 6 3 4 5 1 1 2 4 2 13 5 6 3 15 5
OTU_269 1 0 2 3 2 2 13 4 1 0 0 5 4 6 11 6 14 38 21 29 8 11 2
OTU_270 4 0 0 0 0 0 1 1 1 3 2 19 8 7 18 6 8 8 5 0 0 1 3
OTU_271 1 0 1 3 0 0 0 0 0 0 1 14 9 9 11 24 1 46 4 3 0 1 2
OTU_272 0 0 0 0 0 0 0 1 30 15 72 1 0 2 0 0 0 0 0 0 0 1 1
OTU_273 1 0 0 3 0 0 1 1 0 0 1 18 2 6 22 47 1 9 0 3 0 5 2
OTU_274 3 6 3 14 1 1 29 10 1 1 2 11 3 6 10 8 14 20 19 42 9 3 5
OTU_275 5 3 2 12 1 1 3 2 0 0 0 3 2 0 11 2 4 3 6 0 8 16 3
OTU_276 1 0 1 1 0 0 0 1 1 0 1 10 3 2 5 1 0 1 1 0 0 1 0
OTU_277 1 0 0 5 1 1 13 9 1 5 0 4 1 3 5 1 12 4 9 17 18 8 5
OTU_278 1 7 6 38 9 1 15 8 0 1 1 0 0 0 0 0 3 0 0 2 1 11 1
OTU_279 19 1 1 3 1 0 1 1 0 1 1 16 4 7 19 13 3 3 7 11 4 15 5
OTU_280 4 1 0 4 0 0 0 0 0 0 0 17 6 9 8 7 2 6 8 2 2 2 2
OTU_281 13 3 1 18 3 4 18 6 3 2 1 28 7 18 13 5 8 2 7 7 4 11 5
OTU_282 3 0 1 0 0 0 1 2 0 0 1 1 2 3 3 1 3 1 1 14 2 5 0
OTU_283 5 1 2 14 1 0 15 7 4 3 1 13 8 4 12 10 9 10 6 12 11 11 9
OTU_284 3 2 2 10 4 3 21 7 0 1 1 0 0 0 1 1 1 2 4 20 5 11 3
OTU_285 8 12 6 38 7 5 15 10 0 1 1 2 1 2 1 2 4 1 0 2 0 4 3
OTU_286 0 0 0 0 0 0 1 1 0 0 0 4 3 4 3 0 0 17 10 10 1 14 6
OTU_287 4 1 1 4 1 3 17 15 2 1 2 2 2 2 2 10 23 18 19 23 4 18 11
OTU_288 10 0 0 0 0 0 0 3 0 0 1 1 1 0 1 12 2 4 6 5 1 3 0
OTU_289 0 2 0 0 0 0 1 3 0 0 2 19 11 14 31 6 7 28 12 1 0 7 3
OTU_290 12 1 1 15 1 0 2 3 1 2 2 33 3 12 24 14 7 12 10 11 5 9 8
OTU_291 0 1 0 2 1 0 4 1 0 2 1 25 13 11 34 37 13 18 9 14 2 20 5
OTU_292 8 0 0 4 0 0 1 2 0 2 0 3 1 0 0 1 4 8 6 10 1 5 4
OTU_293 6 1 3 9 1 0 7 0 0 0 0 1 2 4 2 2 10 19 17 9 6 12 4
OTU_294 2 3 3 10 1 0 5 6 4 1 1 1 1 2 0 5 9 10 4 15 5 32 20
OTU_295 15 0 0 2 0 0 0 0 0 3 1 17 8 6 7 29 2 9 3 2 0 3 4
OTU_296 9 0 0 2 0 0 1 0 0 1 1 23 4 7 18 1 0 1 10 1 0 1 0
OTU_297 0 1 0 1 1 0 0 0 96 51 132 2 0 0 1 0 0 1 0 1 1 0 0
OTU_298 6 0 0 1 1 0 0 1 0 1 1 8 5 5 11 3 0 1 1 3 2 7 9
OTU_299 6 1 0 2 0 0 11 1 2 0 0 6 4 3 5 10 8 15 5 5 2 6 1
OTU_300 1 0 2 5 0 1 4 2 0 0 4 41 14 36 53 15 6 14 15 4 0 16 5
OTU_301 9 4 1 11 2 0 6 3 0 1 5 42 12 16 21 6 13 37 15 19 9 20 12
OTU_302 10 12 4 32 9 5 14 18 48 39 67 2 0 1 2 8 8 7 4 18 2 20 12
OTU_303 5 0 2 2 2 0 3 3 0 1 3 3 0 3 5 7 5 5 3 13 9 16 10
OTU_304 0 0 1 1 0 0 3 0 0 0 1 10 6 4 9 31 14 18 7 0 0 0 1
OTU_305 2 0 0 1 0 0 1 1 0 0 0 15 2 13 17 4 0 3 1 1 0 2 0
OTU_306 1 10 9 19 5 2 22 21 0 1 0 1 0 0 1 0 13 1 9 13 5 15 12
OTU_307 1 1 2 13 3 0 6 11 0 0 1 0 0 4 6 8 8 21 14 15 1 15 7
OTU_308 0 0 0 0 0 0 2 0 7 8 84 1 0 0 1 1 0 0 0 0 0 0 0
OTU_309 8 1 0 1 0 0 0 1 0 1 1 33 6 10 20 0 0 1 1 1 0 0 1
OTU_310 3 10 11 23 9 4 14 17 2 9 4 2 3 1 0 3 12 7 6 9 8 14 6
OTU_311 2 5 5 18 0 3 12 8 1 1 1 2 0 1 0 4 4 4 3 11 1 1 0
OTU_312 0 0 0 1 0 0 0 0 36 24 29 2 0 0 1 0 1 0 0 0 1 2 0
OTU_313 2 1 1 11 2 0 18 7 3 1 0 0 0 0 2 1 3 1 3 22 5 7 0
OTU_314 1 2 3 5 4 4 46 24 2 1 0 1 1 1 0 3 4 3 3 19 3 5 1
OTU_315 3 4 0 9 1 0 15 9 2 0 3 35 22 14 55 15 19 19 12 7 2 43 11
OTU_316 8 4 1 4 4 1 13 0 0 3 1 39 10 19 16 18 10 26 7 14 7 15 4
OTU_317 4 1 0 0 0 0 1 0 0 1 2 15 4 6 3 3 3 38 16 8 3 8 1
OTU_318 0 0 0 1 0 0 1 0 0 2 1 11 4 6 7 3 2 13 4 9 4 5 1
OTU_319 1 4 3 10 0 0 6 7 1 1 0 0 0 1 2 2 6 1 3 39 14 74 25
OTU_320 4 0 0 2 0 0 6 0 0 3 1 12 2 4 3 14 9 50 3 1 2 2 0
OTU_321 1 0 0 0 0 0 0 0 0 24 32 0 0 1 0 0 1 1 0 0 0 0 0
OTU_322 1 1 0 0 1 0 0 1 1 0 0 9 1 6 7 0 11 0 3 1 1 5 0
OTU_323 2 4 2 15 0 2 13 3 3 0 3 4 1 2 6 1 1 0 1 31 10 38 17
OTU_324 1 3 10 10 5 0 15 7 2 1 1 0 1 0 1 0 1 2 0 9 1 3 0
OTU_325 6 0 1 4 0 0 6 6 0 1 2 2 1 3 0 1 20 8 6 32 8 14 4
OTU_326 0 0 0 3 0 1 0 1 32 22 90 2 0 0 0 1 0 0 0 2 0 1 0
OTU_327 1 0 0 2 1 0 1 0 0 1 0 0 1 0 0 0 7 10 7 13 6 15 5
OTU_328 1 4 4 14 9 2 27 19 0 0 0 0 0 1 1 1 7 3 4 10 6 2 3
OTU_329 0 1 0 0 0 0 1 1 0 0 0 4 6 10 12 4 3 13 6 1 2 20 3
OTU_330 1 3 0 4 0 1 8 5 2 0 1 0 1 0 2 0 0 0 1 18 2 24 7
OTU_331 1 4 3 5 0 0 1 0 37 12 47 1 0 0 2 0 1 0 0 0 0 1 1
OTU_332 4 1 0 2 0 0 2 2 1 1 0 11 6 7 13 6 3 11 4 1 0 6 5
OTU_333 0 2 1 8 0 0 0 1 56 14 31 0 0 0 0 1 1 0 0 2 0 1 1
OTU_334 0 0 0 1 0 1 1 1 0 0 1 2 1 2 1 11 6 9 10 1 0 1 0
OTU_335 0 8 11 20 14 5 37 23 20 24 7 2 0 0 3 3 8 3 3 3 0 3 2
OTU_336 2 2 0 9 3 2 13 6 1 4 2 17 2 5 7 13 8 12 10 14 2 7 8
OTU_337 5 6 9 7 4 0 5 3 1 2 0 6 1 6 5 2 1 7 2 12 1 10 5
OTU_338 0 0 0 0 0 0 0 0 0 0 0 6 6 11 7 2 1 2 0 0 5 4 1
OTU_339 16 5 2 22 1 0 5 3 0 1 0 12 4 10 13 17 7 1 4 20 10 29 3
OTU_340 1 2 3 14 7 1 48 7 0 4 2 1 0 2 2 2 5 4 6 19 2 5 1
OTU_341 33 2 0 3 1 1 4 4 2 5 6 36 9 22 30 42 14 34 22 38 13 33 10
OTU_342 9 4 3 18 5 2 22 15 3 2 0 14 8 16 16 24 27 18 28 14 6 28 14
OTU_343 3 0 1 0 0 0 1 1 0 0 0 4 3 1 2 5 0 2 1 0 0 0 0
OTU_344 0 0 1 0 0 0 0 0 28 16 32 0 0 0 0 0 0 1 0 1 0 1 0
OTU_345 0 0 0 0 0 0 1 2 29 33 74 0 0 1 2 0 0 0 2 2 0 6 0
OTU_346 1 2 1 4 0 0 4 4 0 1 0 1 0 1 2 6 8 13 11 4 3 4 5
OTU_347 12 0 1 3 0 0 2 0 3 2 0 33 14 13 21 11 4 11 4 20 4 12 10
OTU_348 2 1 0 0 0 0 0 2 1 0 1 11 2 1 3 0 2 5 3 6 2 6 3
OTU_349 1 0 1 1 0 1 0 0 0 0 1 9 10 6 20 3 1 2 0 1 0 2 0
OTU_350 4 1 1 6 1 0 4 4 0 1 2 0 0 1 0 1 6 6 5 10 4 10 0
OTU_351 15 1 0 0 0 0 0 1 0 0 1 23 4 10 16 22 4 17 2 4 2 4 6
OTU_352 5 0 1 3 3 0 8 10 1 5 1 21 3 13 10 21 18 27 21 32 8 18 18
OTU_353 1 0 0 2 0 0 3 0 0 1 1 0 0 0 0 0 6 20 3 6 5 11 1
OTU_354 0 1 0 1 0 1 6 1 2 0 1 1 1 6 2 6 3 8 5 9 3 6 3
OTU_355 17 7 4 104 11 2 35 25 2 6 6 23 13 15 20 55 40 38 19 29 9 18 6
OTU_356 0 8 18 45 16 8 43 42 0 4 3 3 0 4 1 2 4 2 1 19 1 33 7
OTU_357 1 0 1 0 0 0 1 0 0 0 0 12 3 5 15 0 0 0 0 0 0 0 0
OTU_358 7 3 2 18 0 0 0 0 0 0 2 43 8 11 18 7 3 4 3 2 0 2 2
OTU_359 3 0 0 9 7 5 45 38 0 0 2 0 1 1 1 0 0 2 2 3 0 1 1
OTU_360 0 0 0 0 0 0 0 0 24 81 59 2 0 0 0 0 0 0 0 0 1 3 0
OTU_361 5 0 2 5 1 2 18 3 1 0 0 0 0 2 8 23 18 9 36 6 6 8 16
OTU_362 1 2 3 13 5 4 41 13 1 2 1 4 2 2 3 3 0 1 3 5 0 3 3
OTU_363 0 2 3 8 9 1 8 3 2 0 3 0 0 1 1 0 3 0 0 0 5 7 4
OTU_364 4 2 0 9 2 1 13 7 3 0 1 2 0 1 0 1 25 0 15 14 1 0 0
OTU_365 4 0 0 3 0 0 0 1 2 2 4 20 6 14 17 1 4 0 1 1 1 1 3
OTU_366 0 0 0 0 0 0 0 0 7 27 32 0 0 1 0 0 0 2 0 0 0 0 0
OTU_367 0 0 0 0 0 0 0 0 1 0 0 17 3 7 8 0 0 0 0 0 0 2 1
OTU_368 2 1 1 11 4 1 10 2 0 0 0 6 0 6 5 4 6 15 15 1 1 8 2
OTU_369 0 0 0 0 0 1 1 3 0 2 1 9 7 4 9 8 14 9 10 8 0 12 4
OTU_370 0 2 2 5 1 0 0 2 47 65 53 1 0 1 0 2 2 0 0 0 3 1 0
OTU_371 6 1 1 14 1 0 12 3 0 2 1 10 5 7 15 3 3 7 11 16 5 6 2
OTU_372 3 0 2 3 0 0 9 0 0 0 1 8 3 1 5 24 4 2 4 4 0 5 5
OTU_373 0 3 0 9 1 3 9 2 2 3 2 0 0 0 0 0 1 1 0 4 0 6 1
OTU_374 0 0 0 0 0 0 1 1 0 0 0 4 0 6 1 0 1 0 1 8 3 1 1
OTU_375 0 0 1 0 1 0 0 0 1 0 2 18 12 13 14 2 14 23 12 2 0 10 1
OTU_376 5 2 1 7 0 0 0 0 0 1 0 5 0 2 0 1 0 1 0 0 0 1 1
OTU_377 2 7 3 18 3 1 9 8 0 0 2 0 0 0 0 0 2 1 0 0 0 1 1
OTU_378 0 20 19 22 3 1 5 9 1 0 2 0 0 0 1 0 0 0 0 10 2 20 1
OTU_379 11 0 2 1 0 0 1 0 2 2 0 15 4 11 14 6 7 14 8 16 3 6 4
OTU_380 1 0 0 1 0 0 0 1 0 0 0 2 0 1 1 1 19 14 8 5 0 4 2
OTU_381 1 0 0 4 0 0 11 3 1 3 1 11 2 8 12 8 3 9 7 14 5 8 7
OTU_382 0 0 0 0 1 1 0 0 1 0 0 12 5 6 14 1 2 3 3 0 0 6 2
OTU_383 1 1 1 0 0 1 4 0 0 0 0 0 1 1 1 7 3 3 3 10 5 37 26
OTU_384 3 1 2 5 1 2 15 7 0 0 0 1 0 1 2 5 3 7 4 9 2 8 3
OTU_385 2 0 0 0 0 0 0 0 0 0 0 9 5 7 11 8 0 3 1 0 1 0 0
OTU_386 1 0 1 3 1 0 10 10 0 2 0 0 0 1 0 0 0 1 0 7 7 3 2
OTU_387 3 5 3 10 1 1 8 3 0 0 0 7 2 7 6 3 21 33 6 5 4 7 0
OTU_388 0 0 0 1 0 0 0 0 0 0 0 9 2 10 11 2 1 9 17 8 1 10 8
OTU_389 6 4 4 15 0 0 0 4 1 0 0 8 1 12 11 1 1 1 2 2 1 0 0
OTU_390 4 0 0 5 0 1 7 2 2 1 0 4 1 2 1 4 23 19 16 32 8 15 2
OTU_391 4 0 0 0 0 0 3 1 0 0 0 7 2 11 5 3 2 2 3 8 1 4 1
OTU_392 1 0 0 2 0 0 0 1 1 0 1 0 0 0 1 0 1 2 1 16 2 17 3
OTU_393 2 1 0 2 1 0 6 4 1 0 0 5 6 5 6 17 8 10 13 19 3 15 12
OTU_394 0 0 0 0 0 0 1 0 1 0 1 0 0 0 0 1 3 3 1 6 0 14 6
OTU_395 1 0 0 1 0 0 1 1 0 2 2 12 2 8 14 21 2 7 0 1 0 1 1
OTU_396 2 14 4 30 9 2 29 9 22 22 22 8 1 4 6 1 14 11 6 37 16 21 9
OTU_397 5 0 2 10 1 0 5 6 1 0 1 1 0 1 0 0 22 10 7 27 9 16 10
OTU_398 0 0 0 0 0 0 0 0 0 0 0 2 5 7 10 1 1 0 0 0 1 0 0
OTU_399 1 0 0 2 0 0 0 0 1 0 0 4 2 4 6 6 5 10 6 0 0 3 0
OTU_400 8 0 0 4 0 0 1 0 0 0 0 2 1 1 2 14 5 7 1 1 0 0 1
OTU_401 0 0 0 0 0 0 0 0 0 0 1 0 0 2 3 1 1 17 5 0 0 1 1
OTU_402 2 0 0 1 0 0 1 1 0 0 0 1 1 0 0 4 4 10 3 6 1 4 2
OTU_403 6 2 3 5 1 0 14 9 0 0 1 12 2 2 8 10 16 7 8 0 0 4 1
OTU_404 1 0 1 2 0 0 5 2 1 0 0 1 0 1 2 2 4 4 3 6 2 3 0
OTU_405 0 0 0 1 0 0 0 0 46 13 42 0 0 1 1 0 0 1 1 2 0 10 1
OTU_406 7 2 2 14 4 2 22 8 10 20 25 11 3 7 11 10 17 20 19 18 11 34 31
OTU_407 2 0 0 1 0 0 0 0 1 0 0 10 6 6 7 10 5 20 3 3 3 4 3
OTU_408 2 1 0 1 0 0 0 1 0 0 1 14 4 10 12 14 0 24 1 1 0 6 1
OTU_409 1 0 0 3 0 0 9 5 0 0 0 2 0 2 3 2 1 9 4 7 1 4 1
OTU_410 19 22 24 71 20 5 115 58 205 367 503 76 36 42 84 66 47 54 34 116 38 82 47
OTU_411 0 3 1 6 1 0 3 4 1 2 4 8 9 3 18 20 30 18 35 0 1 0 1
OTU_412 0 1 0 1 0 0 1 0 0 0 0 4 3 0 0 0 0 1 2 11 7 8 3
OTU_413 3 0 0 0 2 0 5 1 1 1 1 7 3 3 6 3 0 3 3 6 1 3 4
OTU_414 1 0 0 1 0 0 0 0 0 1 0 15 7 6 10 2 0 1 0 1 0 1 2
OTU_415 1 0 0 5 1 0 3 0 2 2 0 1 0 0 1 0 0 14 6 6 8 2 4
OTU_416 4 2 1 3 1 0 4 0 1 2 0 14 8 11 14 25 11 23 10 17 3 17 7
OTU_417 0 1 0 2 1 0 1 4 16 12 37 0 0 0 1 1 0 1 0 1 0 4 0
OTU_418 9 3 3 26 0 0 3 2 0 0 0 6 1 2 4 6 0 1 2 4 5 2 1
OTU_419 1 1 0 3 2 1 9 10 1 0 3 8 2 3 8 6 7 17 7 8 0 11 1
OTU_420 4 0 3 2 0 1 3 0 1 0 0 1 1 0 2 1 2 7 3 8 7 5 5
OTU_421 0 0 1 1 0 0 0 1 0 1 0 7 0 4 8 2 17 14 14 34 10 8 4
OTU_422 7 0 0 1 1 0 0 3 1 1 0 12 0 2 7 0 0 1 0 2 0 1 1
OTU_423 1 8 8 25 8 13 16 14 0 12 2 1 1 0 1 1 9 3 0 3 3 6 0
OTU_424 0 0 0 0 0 0 2 1 1 0 0 2 0 2 2 2 8 8 9 65 4 7 0
OTU_425 1 0 1 1 0 0 1 1 0 0 0 4 2 0 2 9 6 6 3 4 2 1 0
OTU_426 0 1 3 3 4 3 29 10 0 4 1 1 2 0 2 1 27 13 13 7 1 2 0
OTU_427 4 3 0 7 2 0 2 1 0 1 1 6 2 1 1 5 1 0 0 0 1 1 4
OTU_428 0 1 2 13 4 4 15 2 1 0 1 2 1 0 3 2 7 1 6 30 3 6 3
OTU_429 2 1 0 2 0 1 0 2 0 0 1 4 0 0 1 4 6 4 4 8 5 7 1
OTU_430 2 6 8 23 12 6 53 34 11 25 35 0 1 5 3 3 28 6 18 10 2 4 1
OTU_431 3 0 0 0 0 0 1 1 0 1 0 22 4 5 16 0 0 0 0 1 0 0 0
OTU_432 2 1 0 6 1 1 15 10 1 0 0 9 3 3 7 12 8 9 10 16 5 18 6
OTU_433 0 0 0 1 0 0 0 1 1 1 0 1 3 0 0 28 0 12 0 1 0 0 1
OTU_434 0 0 1 3 1 1 4 3 0 0 0 2 1 0 3 2 15 8 5 19 5 11 7
OTU_435 0 0 0 1 0 0 0 1 0 0 0 2 0 0 1 0 4 32 3 11 7 3 1
OTU_436 1 0 0 0 0 0 0 1 0 0 0 6 0 3 4 4 0 2 0 0 1 11 1
OTU_437 3 0 1 0 0 0 4 2 0 1 0 2 0 1 7 4 9 4 7 2 0 1 2
OTU_438 1 0 1 7 6 7 29 15 2 2 6 0 0 0 1 0 2 0 0 3 0 3 1
OTU_439 0 0 1 0 0 0 0 2 44 29 77 1 0 2 1 0 0 1 0 2 0 0 2
OTU_440 0 0 1 0 0 0 0 0 0 1 1 9 3 6 8 16 7 9 0 0 0 1 2
OTU_441 0 0 0 0 0 0 1 1 0 1 0 29 7 14 31 20 1 4 1 0 0 4 3
OTU_442 0 0 0 1 0 0 0 0 24 5 49 0 0 1 0 1 0 0 0 0 0 1 0
OTU_443 0 0 0 1 0 0 4 1 0 0 1 0 0 0 0 0 9 5 8 0 0 0 0
OTU_444 2 5 1 8 0 0 12 1 4 7 1 3 1 0 2 7 5 3 9 16 8 11 5
OTU_445 0 0 0 0 0 0 0 1 0 0 2 11 10 7 13 0 3 1 0 0 1 2 0
OTU_446 2 0 0 5 3 1 4 2 0 2 0 3 0 1 3 2 3 2 2 8 1 12 7
OTU_447 0 0 1 0 0 0 1 0 0 1 2 4 1 2 5 3 1 2 1 3 0 0 0
OTU_448 0 2 0 6 3 2 24 7 1 1 0 1 1 0 0 0 2 0 2 1 0 0 0
OTU_449 1 0 1 1 1 0 0 1 2 0 1 5 2 4 8 3 4 1 3 12 2 6 9
OTU_450 0 0 0 0 1 0 2 3 0 1 0 2 0 0 0 0 4 3 2 19 7 1 0
OTU_451 9 1 1 7 0 2 10 4 0 1 0 0 0 0 0 4 2 2 3 0 0 1 0
OTU_452 0 1 0 1 0 0 0 0 1 0 1 5 6 6 14 3 1 1 3 1 0 6 4
OTU_453 1 0 0 1 0 0 0 0 0 0 0 1 0 0 1 14 5 10 4 2 2 2 0
OTU_454 2 1 0 5 1 0 8 5 1 0 1 5 1 2 4 14 5 9 8 2 2 1 4
OTU_455 1 1 0 0 0 0 1 1 1 0 0 0 1 0 2 2 1 5 8 12 2 10 9
OTU_456 0 0 1 6 2 4 19 8 0 1 0 1 0 0 0 0 1 2 4 2 1 2 3
OTU_457 1 0 1 1 0 0 2 0 0 1 0 40 13 16 30 3 1 6 3 6 2 6 11
OTU_458 6 0 0 0 0 0 1 0 1 0 0 2 0 2 1 4 0 0 1 4 4 11 4
OTU_459 1 1 0 0 0 0 0 0 2 0 2 3 1 3 1 1 17 26 10 4 2 6 2
OTU_460 0 1 2 8 0 0 15 4 2 2 1 4 0 0 0 1 13 5 5 11 6 5 5
OTU_462 0 0 0 2 0 0 0 2 0 0 0 10 3 6 7 0 12 26 9 10 2 5 1
OTU_463 1 3 7 16 3 2 5 9 0 1 1 1 0 0 0 1 3 1 1 6 0 3 2
OTU_464 0 2 2 4 3 0 14 10 0 0 0 7 1 6 3 0 3 2 3 4 1 4 1
OTU_465 6 0 5 21 3 3 39 12 2 2 7 4 2 0 2 3 4 6 10 10 2 15 8
OTU_466 1 1 5 10 3 1 7 7 24 29 56 2 1 1 1 1 4 0 1 2 1 1 1
OTU_467 1 0 0 1 0 0 0 1 0 1 0 18 9 7 18 25 0 8 3 1 0 3 3
OTU_468 2 2 0 5 1 0 16 5 1 0 3 10 4 5 9 3 8 19 10 20 11 17 4
OTU_469 0 0 1 1 0 2 8 4 0 0 0 3 0 1 2 1 11 7 8 13 8 18 20
OTU_470 17 5 4 20 0 0 5 6 1 6 3 40 13 6 34 9 9 24 13 10 1 56 27
OTU_471 4 2 1 1 1 1 9 4 1 2 3 3 1 2 4 6 12 7 5 25 15 31 12
OTU_472 13 19 16 75 28 12 45 37 67 209 99 4 1 1 3 2 25 3 2 7 2 5 2
OTU_473 4 2 1 12 5 1 28 8 1 1 1 0 0 0 1 1 4 3 3 1 2 2 1
OTU_474 8 1 1 0 0 0 5 2 1 0 0 0 0 1 2 2 2 2 3 5 4 6 13
OTU_475 1 1 0 1 1 0 8 1 0 0 1 3 2 1 3 1 2 1 3 2 2 2 1
OTU_476 2 0 1 1 0 0 1 1 1 0 1 8 3 4 7 9 5 19 4 1 0 0 0
OTU_477 1 0 1 8 2 3 6 3 1 5 1 25 14 12 23 9 6 6 3 6 2 11 2
OTU_478 0 0 1 1 0 0 0 2 1 2 0 1 0 0 0 0 0 0 2 13 6 11 3
OTU_479 8 0 0 6 0 0 6 4 0 2 0 16 7 10 9 2 9 4 5 2 5 1 2
OTU_480 0 1 0 1 0 0 1 0 28 25 20 0 0 0 0 0 0 0 0 0 0 0 0
OTU_481 0 1 1 3 3 0 3 3 1 0 0 1 0 2 0 2 1 0 0 7 0 13 3
OTU_482 0 0 0 2 0 0 0 1 20 38 44 1 0 0 1 0 0 0 0 1 0 2 0
OTU_483 5 1 0 7 3 1 17 14 0 1 0 0 0 0 0 0 0 0 0 1 0 0 0
OTU_484 1 2 0 12 3 3 27 14 0 2 0 6 3 3 8 3 3 5 3 11 3 16 7
OTU_485 0 1 0 0 2 0 6 0 1 0 0 2 1 1 4 2 0 2 1 6 2 3 2
OTU_486 0 0 0 1 0 0 0 1 0 0 2 11 5 2 17 1 2 2 6 6 11 2 2
OTU_487 1 2 0 5 0 0 12 3 0 2 0 0 0 0 0 2 0 0 0 0 0 0 2
OTU_488 2 2 0 1 0 2 6 5 0 0 2 6 6 3 2 4 2 6 3 6 8 7 4
OTU_489 9 4 6 21 3 1 14 9 0 0 1 13 3 6 5 14 12 9 4 16 11 7 6
OTU_490 1 1 1 2 0 1 1 1 2 20 38 1 0 0 0 0 1 0 0 1 0 1 0
OTU_491 0 3 0 4 1 0 0 0 2 40 25 0 0 0 1 0 0 0 0 0 1 0 1
OTU_492 1 0 1 0 0 0 1 0 0 1 0 4 1 4 2 12 0 2 6 4 0 1 0
OTU_493 3 5 3 7 3 1 3 0 28 11 19 4 2 2 2 6 1 3 0 0 1 0 1
OTU_494 1 2 0 29 2 0 0 1 1 1 0 0 0 0 1 0 4 5 3 0 0 10 0
OTU_495 0 0 0 0 0 0 0 2 61 12 34 0 0 0 0 1 0 0 0 0 0 0 0
OTU_496 4 4 2 22 6 2 24 12 0 0 1 7 2 0 4 5 7 12 9 10 5 13 6
OTU_497 4 1 3 10 2 1 23 6 1 1 2 2 1 1 4 0 7 0 3 14 6 10 5
OTU_498 8 0 0 3 0 0 0 0 1 0 1 2 3 2 4 2 6 11 8 10 15 8 3
OTU_499 12 0 1 1 0 0 0 0 0 1 0 0 0 0 0 0 0 0 0 0 0 0 0
OTU_500 0 3 3 5 4 2 14 4 22 21 7 2 0 0 1 0 0 0 0 0 0 0 0
OTU_501 6 3 3 7 0 0 0 0 0 0 1 11 5 2 3 0 2 3 5 1 0 0 0
OTU_502 3 2 1 23 2 1 26 8 2 0 2 5 3 1 2 2 12 10 9 6 4 10 5
OTU_503 3 0 1 2 0 1 2 0 1 0 2 8 0 3 6 12 11 13 17 2 5 16 3
OTU_504 1 1 2 0 0 0 1 0 0 0 0 2 1 2 1 1 3 2 2 5 2 5 3
OTU_505 11 0 0 0 1 0 2 1 0 2 1 6 6 2 7 8 0 10 0 5 5 2 1
OTU_506 2 1 0 4 1 0 10 5 2 3 7 41 8 23 39 11 13 15 31 23 11 24 5
OTU_507 14 1 2 8 5 1 10 6 1 3 2 19 7 14 20 20 14 18 16 9 5 25 3
OTU_508 1 0 3 8 2 2 20 9 0 2 1 1 0 1 1 1 13 3 12 16 4 16 1
OTU_509 7 1 1 5 0 2 11 5 0 0 1 12 4 11 6 9 7 8 2 8 3 14 3
OTU_510 29 0 1 0 0 0 0 0 0 1 0 1 0 1 0 0 0 0 0 0 0 0 0
OTU_511 1 2 1 6 3 1 11 6 0 1 0 1 0 0 0 0 0 1 1 0 0 0 0
OTU_512 0 1 2 10 0 0 5 1 0 1 0 0 2 1 1 2 7 1 5 7 3 5 4
OTU_513 0 0 0 0 0 0 0 0 0 1 0 1 0 2 3 13 0 13 0 0 0 0 0
OTU_514 0 0 1 2 0 1 14 4 0 0 0 0 0 1 1 4 6 9 4 12 8 7 1
OTU_515 7 0 0 5 0 0 4 0 1 1 1 10 7 6 11 8 10 9 5 7 3 7 4
OTU_516 2 1 0 2 0 1 2 0 0 0 0 0 1 0 0 0 0 0 1 5 3 4 1
OTU_517 0 0 1 2 0 0 2 1 0 0 0 8 1 3 4 10 0 7 4 5 0 0 2
OTU_518 4 3 1 6 4 1 22 14 5 4 26 15 6 14 17 37 14 5 15 11 0 12 6
OTU_519 3 1 1 12 2 2 1 2 1 0 1 0 0 1 1 2 8 7 6 23 5 22 8
OTU_520 1 0 0 2 0 1 23 12 0 0 1 1 0 0 0 3 0 0 0 0 0 0 0
OTU_521 2 1 1 11 5 2 42 15 1 1 1 2 2 0 1 1 11 15 12 1 2 4 0
OTU_522 1 1 0 3 0 0 0 1 56 24 33 0 0 0 0 0 0 1 0 1 0 0 0
OTU_523 1 0 0 0 1 0 0 0 3 22 26 1 0 0 0 0 0 0 0 0 0 0 0
OTU_524 3 0 0 5 0 0 3 3 0 0 0 5 0 1 1 1 0 1 1 2 1 0 0
OTU_525 1 0 0 0 0 1 3 3 2 2 0 4 2 5 3 3 15 8 9 2 1 2 2
OTU_526 0 0 0 1 0 0 0 1 0 0 0 5 4 0 9 1 7 12 7 4 1 1 0
OTU_527 3 0 0 0 0 0 0 1 1 0 1 11 5 5 9 14 5 7 5 4 0 2 0
OTU_528 0 0 0 4 0 0 3 5 1 1 0 9 3 5 11 9 0 11 0 1 0 2 2
OTU_529 1 4 1 16 2 0 8 6 1 1 1 0 0 3 2 1 3 4 5 16 1 23 5
OTU_530 3 0 0 0 0 0 0 0 1 0 2 18 4 5 24 4 0 1 0 0 0 2 0
OTU_531 3 0 0 3 0 0 0 0 1 0 0 14 3 8 9 3 3 9 2 4 2 1 5
OTU_532 3 2 2 1 1 0 2 8 1 2 1 2 0 2 3 0 2 0 3 0 2 0 0
OTU_533 2 0 0 1 0 0 0 1 1 0 1 14 2 5 11 20 11 17 7 2 3 7 3
OTU_534 0 2 0 11 1 2 24 13 2 0 1 0 0 2 0 2 5 2 4 12 4 2 0
OTU_535 1 0 0 0 0 0 0 0 0 2 0 0 0 0 1 9 2 4 2 0 0 5 1
OTU_536 0 1 1 2 0 0 1 1 0 0 1 0 0 0 1 5 3 13 6 2 1 0 0
OTU_537 0 0 1 3 0 0 3 1 0 0 2 2 4 2 2 0 2 6 2 4 1 3 1
OTU_538 2 3 2 0 2 2 13 5 0 1 0 1 1 1 3 1 1 2 3 11 3 7 5
OTU_539 0 1 0 4 1 0 10 7 0 0 0 1 0 0 0 1 2 1 0 6 2 0 0
OTU_540 3 0 0 1 1 0 2 1 2 0 1 22 5 12 13 2 0 0 1 0 1 1 2
OTU_541 0 0 0 1 1 1 11 6 0 0 1 1 0 0 1 6 1 11 4 0 0 0 0
OTU_542 1 0 0 2 0 0 1 1 0 0 1 2 4 3 2 7 3 3 2 1 0 1 3
OTU_543 0 1 0 4 0 2 8 2 1 0 0 0 0 0 0 0 6 1 1 2 0 15 4
OTU_544 3 0 1 1 0 0 1 1 1 1 1 8 4 7 5 6 1 4 4 0 0 0 3
OTU_545 0 0 0 1 1 0 9 7 0 0 0 2 0 0 0 0 5 3 10 4 2 10 1
OTU_546 8 0 0 0 0 0 0 0 0 0 1 25 6 13 34 7 3 5 1 8 0 3 3
OTU_547 13 5 4 3 0 1 2 10 0 2 1 1 2 3 1 5 2 3 3 3 2 2 2
OTU_548 1 0 1 0 0 0 0 0 1 2 1 16 2 4 9 0 0 1 2 1 1 1 0
OTU_549 0 0 1 1 0 1 0 1 1 0 0 4 4 1 4 0 1 5 1 0 0 3 0
OTU_550 0 0 1 0 0 0 0 0 2 0 0 9 3 7 8 0 0 0 0 0 0 1 0
OTU_551 0 0 0 1 1 0 0 1 0 0 1 8 0 3 12 10 0 3 0 1 0 0 1
OTU_552 4 4 0 11 3 0 14 5 0 0 0 6 0 4 6 11 9 6 7 13 7 18 7
OTU_553 0 0 0 0 0 1 1 2 0 0 0 0 0 0 0 0 10 0 5 14 4 0 0
OTU_554 1 0 0 3 0 1 1 0 1 0 1 10 5 2 10 1 1 1 0 0 0 0 0
OTU_555 2 0 0 1 0 0 0 0 0 1 1 1 0 0 0 0 5 0 15 3 1 2 1
OTU_557 0 0 1 1 0 0 0 0 19 19 46 0 0 0 0 0 0 0 0 0 0 0 2
OTU_558 0 14 7 27 7 0 4 8 9 26 22 1 0 1 1 0 0 0 0 3 0 0 0
OTU_559 0 0 0 4 2 4 9 3 1 0 2 1 0 0 0 0 11 2 6 6 4 8 2
OTU_560 4 0 0 3 0 0 0 0 0 1 0 9 1 5 0 2 2 1 1 4 8 3 1
OTU_562 1 3 1 11 4 1 11 8 12 28 20 0 0 0 3 2 1 3 3 1 5 8 2
OTU_563 0 0 0 0 0 0 1 0 0 1 0 12 4 10 18 0 0 5 1 1 0 4 4
OTU_564 6 0 0 3 1 0 0 0 0 0 0 2 0 1 3 0 0 0 1 1 1 1 0
OTU_565 2 0 0 1 0 0 0 0 0 0 1 10 4 1 5 6 3 6 2 6 4 7 1
OTU_566 4 3 1 2 0 0 0 2 1 0 0 3 1 1 6 1 1 1 1 0 0 1 1
OTU_567 0 4 3 20 1 0 0 0 1 0 12 1 0 0 0 0 0 0 0 0 0 1 0
OTU_568 8 0 2 16 1 0 11 7 0 1 0 0 0 1 0 0 0 1 0 0 0 0 0
OTU_569 0 1 0 5 3 1 12 9 16 14 27 4 1 1 1 2 2 1 8 6 0 3 2
OTU_570 0 0 0 0 0 0 0 0 0 48 0 1 0 0 0 0 0 0 0 0 0 0 0
OTU_571 0 0 0 1 1 0 1 1 1 1 0 13 4 9 13 33 3 58 8 1 1 5 2
OTU_572 2 0 0 1 0 0 0 0 0 0 0 3 5 0 1 0 0 0 0 3 0 8 4
OTU_573 1 0 4 8 1 0 7 2 0 0 3 4 0 2 2 0 15 3 5 4 8 6 0
OTU_574 4 0 0 1 0 0 0 2 0 1 1 2 2 1 2 1 2 5 5 0 2 4 0
OTU_575 0 0 0 0 0 0 0 0 7 18 6 1 0 2 0 0 0 1 0 0 2 2 0
OTU_576 12 0 1 5 0 0 4 3 0 0 1 28 5 10 13 30 7 7 4 4 2 2 3
OTU_577 11 13 11 30 0 0 0 2 0 1 0 10 2 2 1 1 0 0 1 2 0 5 0
OTU_578 0 4 4 25 2 2 9 5 1 1 0 0 0 2 1 15 26 19 14 11 2 19 7
OTU_579 0 0 0 0 0 0 1 1 0 2 0 10 3 2 4 0 16 16 14 9 4 3 1
OTU_580 1 0 0 0 0 0 1 0 1 0 1 10 2 6 16 4 4 2 5 0 0 1 0
OTU_581 0 1 0 7 0 1 3 3 0 0 1 3 1 2 0 3 3 8 5 5 9 3 1
OTU_582 0 0 1 1 0 0 1 0 0 1 0 16 2 10 8 2 1 1 0 0 0 0 0
OTU_583 2 0 0 8 0 1 6 3 0 0 0 0 0 0 0 3 16 8 10 14 3 6 1
OTU_584 0 0 0 0 0 0 0 0 10 19 35 0 0 0 1 2 1 0 2 0 0 0 0
OTU_585 0 0 2 2 3 1 8 5 28 27 40 0 0 0 1 1 0 2 4 10 1 3 2
OTU_586 1 0 0 1 0 0 2 1 0 1 0 4 2 4 5 2 3 4 7 1 0 1 1
OTU_587 0 0 0 1 1 0 0 0 0 0 0 1 0 0 1 0 24 4 9 0 0 0 0
OTU_588 5 1 1 5 0 0 1 3 2 2 0 4 3 3 6 5 3 2 2 16 0 10 3
OTU_589 7 2 4 19 3 0 1 4 1 1 0 0 0 0 0 1 0 0 1 2 1 2 0
OTU_590 0 0 0 0 0 1 1 0 43 25 66 0 0 0 0 0 1 0 1 0 0 0 0
OTU_591 1 0 1 0 0 1 0 1 16 34 24 0 0 0 0 0 0 0 0 0 0 0 0
OTU_592 1 0 0 0 0 0 0 0 0 0 1 12 1 5 5 2 0 0 0 0 0 0 0
OTU_593 2 3 1 13 2 0 7 5 1 1 1 3 0 4 3 12 1 3 2 4 0 20 7
OTU_595 0 0 0 0 0 0 0 0 0 0 0 5 0 3 3 5 2 8 6 0 0 5 1
OTU_596 1 0 1 5 2 0 2 6 7 4 10 5 3 5 6 4 1 7 4 3 0 10 1
OTU_597 2 1 2 6 1 0 4 4 0 0 2 3 2 0 0 0 3 5 1 8 3 18 6
OTU_598 3 0 0 1 1 0 2 3 1 1 2 1 0 4 5 2 3 3 4 7 2 11 6
OTU_599 1 0 0 0 0 0 0 0 0 0 0 1 1 0 1 2 2 6 3 3 2 6 2
OTU_600 0 1 0 0 0 0 0 0 4 2 35 0 0 0 2 0 0 0 0 0 0 0 0
OTU_601 0 0 0 1 0 0 0 0 45 16 21 0 0 0 0 0 1 0 1 0 0 0 1
OTU_602 0 0 0 1 0 0 0 0 50 2 2 0 0 0 0 0 0 0 0 0 0 0 0
OTU_603 2 0 1 1 0 1 3 0 0 1 0 13 8 4 11 5 8 5 6 4 2 4 3
OTU_604 0 0 0 0 0 0 1 2 0 0 1 0 0 0 0 0 22 1 10 4 0 1 1
OTU_605 0 0 1 1 0 0 9 0 0 0 1 0 0 0 1 0 3 0 0 6 4 3 2
OTU_606 0 0 0 0 0 0 0 0 35 3 1 0 0 0 0 0 0 1 0 1 0 0 0
OTU_607 0 5 4 21 0 1 5 5 0 2 5 1 0 0 0 0 0 0 0 1 0 3 0
OTU_608 2 4 4 26 0 3 14 8 1 1 0 4 2 1 5 12 11 11 11 12 2 15 6
OTU_609 0 0 0 0 0 0 1 0 3 4 41 0 0 0 0 0 0 1 0 0 0 0 1
OTU_610 2 0 1 0 0 0 0 0 0 0 0 4 1 0 4 13 2 2 3 2 0 1 0
OTU_611 4 0 1 2 1 0 0 0 0 2 1 17 8 12 13 2 3 10 4 17 9 16 8
OTU_612 0 2 1 2 1 0 1 0 30 13 25 1 0 0 1 0 0 0 0 0 2 1 0
OTU_616 0 0 0 1 0 0 0 0 1 0 0 3 1 1 2 0 9 10 1 3 1 2 0
OTU_617 2 1 0 0 0 1 0 1 1 0 0 4 19 0 6 1 3 1 4 0 0 2 0
OTU_618 1 2 2 11 4 3 6 1 0 0 1 0 0 0 0 0 0 0 0 1 0 1 0
OTU_619 4 0 0 0 0 0 1 1 0 0 1 5 4 2 4 0 0 2 0 0 0 0 1
OTU_620 0 0 0 2 0 0 2 1 0 0 1 7 3 6 4 2 0 4 1 19 2 14 4
OTU_621 1 1 0 0 0 0 2 2 0 0 0 3 0 1 0 5 0 1 4 4 1 1 2
OTU_622 1 0 1 0 0 0 0 0 0 0 0 0 3 2 0 2 1 10 0 1 0 5 1
OTU_623 1 0 0 1 0 1 2 0 0 0 1 13 1 7 12 17 0 10 5 0 0 4 0
OTU_624 3 0 0 0 0 0 0 0 1 0 1 12 4 6 15 37 0 11 0 1 0 2 1
OTU_625 0 0 2 3 1 3 7 3 0 0 0 0 0 0 0 0 6 0 6 10 0 0 0
OTU_626 1 1 4 11 5 0 24 4 15 1 18 2 1 0 1 4 0 1 2 9 2 6 3
OTU_627 5 1 1 1 0 0 0 1 0 0 2 12 3 10 16 5 2 7 1 2 0 3 0
OTU_628 0 1 0 1 1 0 0 0 0 0 0 9 2 2 5 1 0 0 0 0 0 0 1
OTU_630 0 0 3 8 1 0 15 7 2 0 2 6 2 3 2 3 14 12 9 12 26 29 7
OTU_631 0 0 0 1 0 1 0 0 0 0 1 7 1 3 4 2 0 5 0 0 0 1 0
OTU_632 0 3 3 8 1 0 2 0 0 0 1 1 0 0 2 0 0 0 0 0 0 0 0
OTU_633 0 6 2 23 4 0 6 4 0 0 0 0 0 0 0 0 1 1 1 2 1 5 0
OTU_634 4 10 7 36 2 1 26 14 10 10 17 11 3 7 4 16 16 18 11 13 3 13 3
OTU_636 2 5 2 16 2 0 0 0 0 0 1 0 0 0 0 0 0 0 1 0 0 1 0
OTU_637 2 1 1 0 0 0 2 2 0 0 0 1 2 2 5 5 1 2 3 6 4 4 1
OTU_638 1 1 0 0 2 1 3 0 0 0 0 0 0 0 0 1 0 1 0 5 0 5 4
OTU_639 2 1 0 1 0 0 4 1 2 0 0 0 0 0 0 1 1 1 0 4 1 3 2
OTU_640 1 3 2 11 1 0 1 0 0 0 0 0 0 0 0 0 2 2 0 1 0 0 0
OTU_641 1 0 0 0 0 0 0 0 10 5 31 1 0 0 1 0 0 0 0 0 0 0 0
OTU_642 0 0 0 0 0 0 0 0 0 0 0 0 0 2 0 2 4 4 5 2 1 2 4
OTU_643 0 0 0 1 0 0 1 1 0 1 1 11 2 7 7 1 1 3 0 1 0 1 0
OTU_644 0 0 0 4 1 2 3 8 1 0 1 5 0 0 6 5 13 20 15 18 11 8 3
OTU_645 3 1 1 0 0 0 2 0 0 0 0 7 1 2 8 3 0 11 6 0 0 2 0
OTU_646 31 11 15 58 14 4 36 16 5 3 7 50 25 26 31 18 36 40 21 79 32 59 28
OTU_647 0 0 0 1 0 0 0 0 0 0 1 10 2 0 11 2 0 1 1 0 0 0 0
OTU_648 2 0 0 1 0 0 0 1 0 0 0 6 4 5 5 1 4 4 3 0 0 0 0
OTU_649 4 1 1 6 1 1 5 3 2 1 4 9 1 2 5 3 4 6 7 8 1 12 1
OTU_650 5 5 3 16 15 3 42 19 2 3 2 8 2 4 14 4 14 7 14 23 12 25 10
OTU_651 1 0 0 2 0 0 3 0 0 1 3 4 3 0 4 4 9 5 6 5 0 5 3
OTU_652 3 0 0 0 1 0 1 1 1 1 0 8 3 4 7 12 6 10 5 3 0 0 0
OTU_653 0 0 1 0 0 0 0 0 0 0 0 0 0 0 0 0 16 0 12 0 0 0 0
OTU_654 2 1 0 8 2 0 26 12 0 1 0 1 1 1 1 4 1 1 3 7 4 4 1
OTU_655 2 0 0 5 0 0 0 1 1 2 1 0 0 0 0 2 11 9 17 3 6 15 0
OTU_656 1 0 0 0 0 0 0 1 0 2 1 6 1 3 3 6 11 10 8 2 6 6 3
OTU_657 3 0 2 3 1 1 2 10 4 7 2 5 0 7 6 4 3 4 3 4 0 7 2
OTU_658 1 0 0 2 2 0 2 5 0 0 1 0 0 0 0 0 2 2 3 2 0 6 0
OTU_659 0 0 0 2 0 0 6 2 0 0 1 2 2 1 2 2 2 5 9 2 2 2 0
OTU_661 2 1 0 2 0 0 0 0 0 0 0 5 3 4 1 0 0 1 0 0 0 3 0
OTU_662 0 1 0 1 0 0 1 1 0 0 0 5 1 2 6 6 2 6 6 18 2 3 1
OTU_664 1 0 0 0 0 0 0 2 0 0 1 3 1 3 2 21 0 3 0 0 0 2 0
OTU_665 0 0 0 0 0 0 0 0 16 33 35 0 0 0 1 0 0 0 0 0 1 0 1
OTU_666 4 0 1 1 0 0 10 5 1 1 2 13 1 10 10 9 1 11 8 46 12 7 7
OTU_667 0 0 0 0 0 0 1 1 1 0 1 0 1 0 1 0 5 7 5 2 2 2 0
OTU_668 2 5 4 20 1 0 12 9 6 5 9 0 1 0 0 1 1 3 2 4 1 8 2
OTU_669 0 0 0 1 0 0 0 2 0 0 0 3 12 0 0 2 0 0 1 1 0 0 0
OTU_670 1 0 0 0 1 1 1 9 18 11 24 0 0 0 2 0 0 1 0 1 0 3 1
OTU_671 1 1 1 12 2 3 12 7 1 0 0 1 1 2 1 1 4 2 1 2 1 0 0
OTU_672 1 1 0 1 0 0 3 0 25 24 58 2 0 0 0 0 0 0 0 1 0 4 0
OTU_673 2 3 1 3 4 2 18 5 0 5 7 4 0 1 2 1 2 3 2 3 1 6 3
OTU_674 1 3 1 5 2 0 16 13 17 20 45 0 0 1 0 1 7 1 3 1 0 0 0
OTU_675 0 1 0 0 0 0 0 0 3 21 62 0 0 0 0 0 0 0 1 1 0 1 0
OTU_676 0 1 0 2 0 0 1 2 0 0 1 4 1 4 3 5 6 10 6 3 2 1 2
OTU_677 3 6 3 20 3 3 21 11 7 10 7 7 1 3 3 3 4 1 3 8 4 8 4
OTU_680 2 0 0 0 0 0 2 3 1 0 0 3 1 4 4 14 0 5 0 4 1 6 2
OTU_681 0 0 0 7 0 0 0 1 0 0 1 2 0 1 4 0 12 1 4 2 2 6 1
OTU_682 1 0 0 1 0 0 0 1 2 0 1 7 3 2 7 13 2 8 2 0 0 6 1
OTU_683 2 0 0 0 0 0 0 0 0 0 0 9 3 4 11 3 0 5 2 4 0 4 2
OTU_684 2 0 0 1 0 1 3 0 0 0 1 4 1 2 3 5 2 5 2 11 4 9 5
OTU_685 3 0 0 8 1 1 7 12 18 5 33 8 2 3 6 11 4 0 1 17 13 11 14
OTU_686 4 3 5 6 0 5 19 6 0 4 23 3 1 1 4 7 8 6 5 0 1 1 0
OTU_687 0 0 0 0 1 0 0 0 0 0 0 19 2 5 13 0 0 10 3 1 2 15 1
OTU_688 4 1 3 12 7 0 6 6 0 0 1 1 0 1 2 2 0 1 1 21 6 3 2
OTU_690 3 1 0 3 0 0 2 1 0 0 1 6 3 3 2 2 11 11 7 9 9 16 14
OTU_691 0 0 0 0 0 0 0 0 1 0 1 7 5 4 5 0 0 0 0 0 0 0 0
OTU_693 0 0 0 0 0 0 0 0 0 0 0 7 3 4 9 0 0 3 1 0 0 6 3
OTU_694 0 0 1 0 0 0 0 0 21 13 21 0 0 0 0 0 0 0 0 0 0 0 0
OTU_696 2 3 2 15 0 0 1 0 2 1 0 2 0 2 0 2 1 0 0 2 0 0 0
OTU_697 0 5 0 13 4 1 4 5 0 0 0 0 0 0 1 1 0 1 0 1 0 0 0
OTU_699 3 1 0 3 0 0 2 0 4 5 4 3 2 3 4 1 0 2 0 4 0 3 2
OTU_700 0 0 1 0 1 0 0 1 0 0 0 2 1 0 0 1 1 3 0 7 1 7 1
OTU_701 2 0 1 0 0 0 0 1 1 0 0 3 1 0 1 1 2 5 1 0 1 11 2
OTU_702 5 4 3 3 2 0 8 1 0 0 0 8 6 2 4 3 2 1 5 4 3 1 0
OTU_703 7 3 0 6 2 0 27 11 1 2 2 10 3 5 8 13 9 7 24 13 3 10 5
OTU_704 5 3 1 4 4 0 6 0 1 1 1 1 0 4 4 1 1 0 0 1 1 0 0
OTU_705 0 1 1 0 0 2 3 2 16 16 24 1 0 0 0 0 0 0 0 0 0 0 0
OTU_706 1 0 0 0 0 0 2 0 0 0 0 7 0 2 0 2 5 4 3 7 3 5 1
OTU_707 0 0 1 1 0 0 6 3 0 1 0 0 0 2 0 3 5 5 3 7 5 11 3
OTU_708 1 0 0 2 0 0 1 1 0 0 1 12 0 4 9 3 3 9 6 6 7 13 2
OTU_709 6 0 1 0 0 0 0 0 3 2 1 15 5 11 7 7 2 10 0 4 1 2 2
OTU_710 1 1 2 1 1 1 2 0 1 1 1 16 2 2 5 5 6 1 3 8 1 6 2
OTU_711 5 4 4 5 7 0 8 6 1 0 2 9 0 2 8 15 17 6 12 23 9 25 8
OTU_712 2 0 0 0 0 0 1 0 1 0 1 9 3 7 4 6 1 4 4 4 2 4 1
OTU_713 3 0 1 1 1 0 2 1 0 0 0 0 0 0 0 0 3 6 5 1 1 19 1
OTU_714 0 0 0 1 0 0 1 0 18 9 18 0 0 0 0 0 0 0 0 0 0 1 0
OTU_715 4 3 1 12 2 1 15 5 0 0 0 5 0 3 2 10 5 8 4 1 0 0 0
OTU_716 2 1 1 3 1 0 11 2 0 0 0 0 0 0 0 1 2 0 1 1 0 0 1
OTU_717 5 1 1 3 0 0 4 0 0 0 3 0 0 0 0 4 1 3 0 0 0 1 0
OTU_718 3 0 0 6 0 0 4 1 0 1 0 26 12 10 32 9 0 1 0 2 2 2 6
OTU_720 0 2 0 6 3 2 6 3 0 3 0 1 2 0 0 1 0 1 1 2 3 0 1
OTU_721 0 1 0 4 1 1 4 8 0 1 0 3 0 0 1 0 0 4 2 6 3 10 7
OTU_722 1 1 0 4 0 0 2 1 0 1 0 3 4 3 11 1 10 16 7 5 5 11 2
OTU_723 2 3 4 10 0 0 0 0 0 0 1 1 0 0 3 0 1 35 0 0 0 3 0
OTU_724 3 1 0 0 3 0 3 2 0 0 0 0 0 0 0 1 1 1 1 2 0 6 0
OTU_725 0 0 0 0 0 0 0 0 14 2 44 1 0 0 0 0 0 0 0 0 0 1 0
OTU_727 1 0 0 1 0 0 0 0 1 0 1 11 4 4 2 3 0 1 0 0 0 0 1
OTU_728 3 2 0 3 0 0 0 1 0 0 1 0 0 0 1 2 2 3 4 15 7 10 4
OTU_729 2 0 0 0 0 0 0 0 0 1 0 1 0 2 1 4 8 8 5 11 4 13 3
OTU_730 2 1 1 9 2 0 1 1 0 1 0 3 0 0 1 0 1 3 3 4 1 4 0
OTU_731 0 0 0 0 0 0 1 2 2 0 0 1 0 0 1 0 0 2 0 15 1 5 2
OTU_732 0 3 0 8 3 0 1 2 0 0 0 1 0 0 1 1 1 0 1 0 0 1 2
OTU_733 1 1 3 4 0 0 0 0 6 25 12 0 0 0 0 0 0 0 0 1 0 1 0
OTU_734 0 0 0 2 0 0 4 1 1 0 2 19 6 9 20 5 6 7 4 15 9 8 3
OTU_736 4 0 0 2 0 0 0 0 0 0 1 7 3 5 7 6 0 2 4 1 3 5 4
OTU_738 3 1 0 3 2 1 8 2 0 1 1 1 0 1 1 1 2 2 6 4 1 8 1
OTU_740 0 0 0 1 0 0 1 0 0 0 0 7 3 6 12 8 2 11 4 2 0 7 2
OTU_741 0 1 3 5 2 1 9 2 2 0 0 0 0 0 0 0 0 0 0 0 0 0 0
OTU_742 0 2 0 8 0 0 9 2 4 3 9 0 0 5 0 3 2 4 0 6 1 4 1
OTU_743 0 0 0 0 0 0 1 0 0 0 0 1 1 2 0 8 1 1 3 4 2 3 1
OTU_744 1 3 2 5 1 2 7 6 0 0 0 0 2 1 1 3 6 1 0 5 0 10 1
OTU_745 0 0 0 1 0 0 0 0 0 0 0 2 2 1 2 16 1 0 0 0 0 0 0
OTU_747 9 0 0 12 0 0 0 0 0 1 0 2 0 0 0 1 4 5 3 0 0 4 0
OTU_748 0 0 0 1 0 0 0 0 0 0 0 3 3 4 12 0 2 11 4 7 3 4 1
OTU_749 2 3 2 6 2 0 8 4 2 0 1 2 0 1 2 0 3 0 1 1 1 3 1
OTU_750 0 0 0 0 0 0 1 1 0 2 0 0 1 1 0 0 1 1 2 13 7 1 0
OTU_751 3 0 0 2 0 0 0 0 0 0 0 12 1 4 5 0 1 4 3 2 3 3 0
OTU_754 1 0 1 2 2 1 4 2 0 0 0 0 1 1 1 9 0 3 5 8 0 11 0
OTU_755 2 5 2 6 0 1 4 3 0 0 1 0 0 1 0 0 3 1 1 1 0 1 0
OTU_756 5 1 1 9 2 0 16 13 0 0 0 0 0 2 1 8 12 10 12 31 14 24 6
OTU_757 0 0 0 1 0 1 5 2 0 2 15 1 0 0 0 1 0 0 0 4 5 3 3
OTU_758 3 0 0 1 0 1 0 1 1 0 2 1 0 1 4 3 1 3 1 1 0 0 6
OTU_759 0 0 0 1 0 0 1 0 12 14 9 1 0 0 0 0 0 0 0 0 0 0 0
OTU_760 1 0 2 1 0 0 6 1 17 3 19 0 0 0 1 0 0 0 0 2 0 3 0
OTU_762 0 0 0 0 0 0 0 0 0 0 0 8 4 8 14 0 0 2 0 0 1 1 0
OTU_763 0 0 0 1 1 1 1 1 0 0 0 8 2 2 4 5 8 9 2 2 2 10 2
OTU_764 1 0 0 0 0 0 0 2 0 0 0 16 3 8 21 0 2 9 4 3 0 6 3
OTU_765 3 1 4 10 2 4 22 14 3 0 0 7 4 4 3 3 13 12 7 0 0 4 0
OTU_767 0 0 0 1 0 1 0 0 0 0 0 1 0 1 3 0 4 2 2 5 1 9 3
OTU_768 0 0 0 0 0 0 0 0 0 0 0 5 0 4 2 12 7 5 4 1 0 0 1
OTU_770 0 0 2 5 0 1 5 2 0 0 0 0 0 0 0 0 7 5 2 3 3 2 1
OTU_772 2 1 1 10 1 1 2 6 4 4 7 4 2 4 11 3 0 5 4 2 0 8 2
OTU_774 6 2 2 8 1 0 5 4 3 6 2 12 5 4 8 5 10 4 5 13 3 15 3
OTU_775 0 0 0 1 0 0 0 0 1 0 0 1 0 0 0 27 1 4 2 1 0 1 0
OTU_776 0 0 0 0 0 0 0 0 0 1 0 3 2 4 4 4 1 3 4 0 0 4 0
OTU_777 6 1 3 20 0 0 0 2 0 0 0 8 0 3 9 3 3 4 5 1 7 3 0
OTU_778 2 0 0 0 0 1 0 0 0 1 0 7 0 5 4 0 1 6 1 0 0 1 1
OTU_779 0 0 0 0 0 0 0 0 0 0 0 10 1 2 11 0 0 0 0 0 0 2 2
OTU_780 1 3 3 14 2 0 4 1 0 2 0 1 0 2 0 0 2 4 1 1 1 1 0
OTU_781 0 1 0 1 0 0 0 0 10 21 13 0 0 1 1 0 0 1 1 0 0 0 0
OTU_782 0 1 4 3 2 0 0 2 20 20 61 0 0 1 2 0 1 0 0 2 0 3 3
OTU_784 5 1 1 6 0 0 2 1 1 0 1 1 0 1 2 0 0 1 1 0 0 0 0
OTU_785 0 0 1 1 1 0 0 0 0 1 0 3 0 0 1 2 3 6 1 4 1 1 1
OTU_788 0 0 0 0 0 0 0 0 0 0 0 4 3 8 8 0 0 0 0 0 0 0 0
OTU_789 1 0 1 0 0 0 0 0 1 0 0 0 0 2 2 5 3 7 3 0 0 0 0
OTU_790 0 0 0 0 1 0 0 0 1 3 2 20 11 10 17 8 7 17 17 0 0 3 1
OTU_791 0 2 4 20 0 0 0 0 0 0 0 0 1 0 1 0 4 2 2 9 2 1 2
OTU_792 1 1 0 3 1 1 4 4 0 0 0 8 2 6 8 4 18 16 18 1 2 1 0
OTU_793 1 1 1 9 0 0 3 0 4 9 14 0 0 0 0 0 0 0 0 0 0 0 0
OTU_795 0 1 1 5 1 0 4 6 0 0 1 0 0 0 0 0 1 5 2 12 4 1 1
OTU_796 0 1 1 5 1 0 5 2 0 0 0 0 0 0 2 2 5 3 3 5 2 7 1
OTU_797 0 5 6 17 1 1 6 7 0 2 0 4 0 0 2 0 10 4 5 9 1 10 1
OTU_799 0 0 0 0 0 0 0 0 0 1 0 4 2 1 9 4 2 5 4 1 2 2 1
OTU_800 0 1 2 12 0 0 1 0 20 38 43 0 1 0 0 0 0 1 0 1 0 9 0
OTU_801 0 0 0 0 0 0 0 0 0 0 3 5 2 0 4 0 0 3 2 6 0 4 2
OTU_802 2 4 2 5 2 1 7 2 1 1 0 3 0 0 1 3 0 2 1 14 3 3 0
OTU_803 0 0 0 0 0 0 0 0 0 0 1 7 2 2 5 22 0 4 1 0 0 5 0
OTU_804 3 0 0 0 0 0 0 0 0 0 0 8 3 3 4 1 0 1 1 0 0 0 1
OTU_805 2 5 1 2 2 0 0 2 0 0 2 2 0 2 1 0 4 2 2 2 1 19 7
OTU_806 6 0 1 2 1 0 0 1 2 1 0 8 2 6 3 1 1 1 3 0 0 0 0
OTU_807 0 3 2 24 1 1 5 5 0 0 0 0 0 0 0 0 0 0 0 0 0 0 0
OTU_808 0 0 0 2 0 0 0 0 14 4 32 0 0 0 0 0 0 0 0 2 0 0 0
OTU_809 1 1 0 0 0 0 2 2 0 0 0 5 2 1 2 10 5 3 5 4 1 10 3
OTU_810 0 0 0 0 0 0 1 1 0 0 0 2 2 1 0 0 1 6 3 4 4 1 0
OTU_811 1 0 0 1 0 0 0 3 0 0 0 6 0 1 2 7 3 1 3 3 2 4 1
OTU_812 0 0 0 0 1 0 0 0 1 0 1 13 2 3 5 7 10 19 11 2 0 1 0
OTU_815 9 0 0 0 0 0 0 0 0 0 1 2 0 1 4 2 0 0 0 0 0 0 0
OTU_816 6 0 1 9 4 2 10 8 3 6 7 2 0 0 0 0 1 0 2 4 1 6 3
OTU_817 0 0 0 1 0 0 0 0 4 9 21 0 0 0 0 0 0 0 1 1 0 0 0
OTU_818 0 0 0 0 0 0 0 1 1 0 0 0 0 1 0 0 9 11 11 1 0 2 1
OTU_819 1 1 0 13 1 0 10 3 0 0 1 0 1 1 1 2 5 3 3 3 1 8 1
OTU_820 0 1 0 4 1 1 3 3 0 0 0 1 0 0 0 8 5 9 1 1 0 0 1
OTU_821 0 1 1 2 0 0 5 0 0 0 0 4 1 1 0 2 2 0 1 4 2 6 5
OTU_822 6 0 1 1 0 0 1 1 0 2 0 9 2 4 4 2 0 5 0 1 0 0 0
OTU_825 5 0 1 2 2 1 3 4 1 0 2 11 1 8 11 4 3 1 2 6 6 7 1
OTU_826 1 0 0 0 0 0 0 0 0 0 0 7 0 2 6 0 0 0 2 1 2 6 1
OTU_827 3 0 0 3 1 0 10 6 1 3 3 4 0 3 4 5 0 1 3 11 8 15 21
OTU_828 2 3 1 2 0 0 27 6 2 0 0 3 1 3 3 0 3 1 3 8 1 5 3
OTU_829 2 1 1 2 0 0 1 1 0 0 0 0 2 0 0 0 1 5 1 2 4 2 5
OTU_831 0 0 0 0 0 0 0 0 0 1 2 5 2 3 6 7 1 3 0 0 0 0 0
OTU_832 1 1 1 5 0 0 2 0 2 0 0 1 2 2 0 0 6 6 4 1 0 2 1
OTU_834 0 0 1 4 0 0 7 3 3 5 2 2 1 1 5 10 4 13 6 10 3 10 3
OTU_835 2 1 0 2 0 0 1 0 1 0 2 15 1 5 6 4 3 7 3 2 12 3 2
OTU_838 1 0 1 0 0 0 5 2 0 0 0 0 0 0 0 0 9 4 4 16 9 1 0
OTU_839 0 1 1 5 0 0 10 8 0 0 0 0 0 0 0 0 3 1 0 0 0 0 0
OTU_840 3 0 0 0 1 0 0 0 0 0 0 5 2 4 5 6 2 4 4 0 0 4 0
OTU_841 7 2 3 9 0 0 0 0 0 0 0 0 0 1 0 0 3 1 2 0 0 0 0
OTU_842 2 0 2 8 2 0 10 5 0 1 1 3 2 0 0 4 3 3 3 10 0 16 5
OTU_844 1 0 0 0 0 0 0 1 0 0 0 17 6 6 11 3 3 19 4 2 2 10 1
OTU_846 8 1 2 19 3 1 5 10 1 0 0 0 3 3 2 1 0 8 6 0 0 3 0
OTU_847 0 0 1 5 1 1 4 4 0 0 0 0 1 0 2 1 0 0 0 10 0 1 1
OTU_848 6 1 1 5 0 0 0 0 1 0 0 12 4 5 2 0 0 0 3 0 0 1 0
OTU_849 1 0 0 1 0 0 1 0 2 1 0 19 2 7 13 7 8 9 18 0 0 4 0
OTU_850 2 0 2 2 0 0 2 0 0 0 0 3 1 2 7 3 3 15 4 0 0 2 0
OTU_851 0 0 0 1 0 0 0 0 0 2 1 24 4 6 17 1 1 4 2 1 0 3 6
OTU_854 0 3 2 0 4 1 6 4 52 28 48 0 1 0 1 0 0 0 0 2 1 19 1
OTU_856 3 1 0 11 0 0 0 0 1 1 0 1 3 1 5 2 0 0 1 11 0 20 2
OTU_857 0 0 0 2 0 0 0 0 22 15 26 0 0 0 0 0 0 0 0 0 0 0 0
OTU_859 3 0 0 0 0 0 0 0 1 0 1 2 1 0 1 6 0 2 0 2 1 2 1
OTU_860 2 0 0 2 0 0 0 2 0 2 0 8 2 5 9 0 2 1 6 1 1 1 0
OTU_861 0 2 1 7 1 1 3 3 13 8 14 2 0 0 0 1 2 2 1 14 3 8 3
OTU_863 0 0 0 0 0 0 0 0 0 1 0 0 1 0 0 11 5 5 7 2 1 0 0
OTU_864 2 0 0 1 0 0 0 0 0 0 2 0 0 0 1 13 2 1 3 2 1 0 0
OTU_865 2 0 5 6 1 1 1 0 0 0 1 0 0 0 1 0 10 2 6 2 0 2 0
OTU_866 1 1 0 3 0 0 7 2 0 1 1 0 0 0 0 1 2 0 3 3 2 5 0
OTU_868 0 2 1 9 3 1 6 6 0 0 0 0 0 0 0 0 0 0 0 0 0 1 1
OTU_869 5 9 1 11 2 0 14 4 2 0 2 1 0 2 3 2 1 3 2 2 1 3 1
OTU_870 0 2 7 15 2 2 19 16 1 1 0 1 0 0 0 0 0 0 0 0 0 1 0
OTU_871 0 0 1 1 0 0 0 1 5 19 20 0 0 0 0 0 0 0 0 1 0 0 0
OTU_873 0 2 0 3 0 0 0 1 0 0 0 2 0 0 1 0 0 0 0 8 3 1 1
OTU_874 0 0 2 8 3 3 13 11 20 31 41 1 1 1 0 0 4 0 0 0 2 3 0
OTU_875 6 2 5 12 1 2 1 4 0 1 2 19 3 13 18 13 6 18 15 2 4 11 3
OTU_876 2 1 0 1 0 0 0 1 1 0 0 8 0 5 2 3 4 6 2 0 0 5 0
OTU_877 1 1 2 3 0 1 0 0 1 6 4 3 2 1 1 1 6 0 2 1 0 0 1
OTU_878 0 0 0 0 0 0 0 1 0 0 1 9 9 5 12 0 0 0 1 0 0 1 1
OTU_880 3 0 0 0 1 0 0 2 0 1 0 2 1 2 6 2 2 1 2 10 5 10 4
OTU_881 0 0 0 1 0 0 0 0 0 0 1 5 6 3 3 0 0 0 0 0 0 2 1
OTU_884 1 1 2 3 0 1 3 1 1 13 13 1 0 0 1 0 0 0 1 3 1 7 0
OTU_886 0 0 0 1 0 0 3 1 1 0 0 1 0 1 0 2 2 16 2 6 2 0 1
OTU_887 2 2 0 1 0 0 1 0 1 0 0 1 0 0 3 0 2 2 0 3 1 9 4
OTU_888 0 0 0 0 0 0 0 0 1 0 0 2 2 3 7 5 1 1 0 1 0 0 1
OTU_889 2 0 3 17 0 0 0 0 0 0 0 0 0 0 0 0 0 3 2 0 1 0 0
OTU_891 1 0 0 1 0 0 5 4 0 0 0 0 0 2 2 0 0 0 2 11 0 0 1
OTU_892 4 4 1 15 0 0 1 0 1 1 3 2 0 0 3 1 3 2 3 0 1 3 6
OTU_893 7 2 2 7 2 0 37 14 2 1 3 1 0 0 0 6 22 27 28 2 0 0 2
OTU_894 0 2 1 0 1 0 2 4 38 81 114 2 0 1 1 0 1 0 0 1 1 5 0
OTU_896 1 4 3 5 2 1 6 5 0 0 1 1 1 1 0 0 0 0 0 0 0 0 0
OTU_897 0 0 0 0 0 0 0 0 13 11 9 0 0 0 0 0 0 0 0 0 0 0 0
OTU_898 0 0 0 0 0 0 1 1 28 18 50 0 0 0 1 1 0 0 0 0 0 0 0
OTU_900 0 1 1 4 1 1 6 4 0 0 0 0 0 1 0 0 1 2 2 2 4 4 0
OTU_901 1 0 0 0 0 0 1 0 0 0 0 4 3 3 8 1 0 0 0 0 0 1 1
OTU_902 0 0 0 2 0 1 5 2 0 0 1 0 0 0 0 0 1 0 0 2 0 9 1
OTU_905 0 1 0 0 0 0 1 1 1 0 0 2 0 1 1 13 0 0 0 1 2 1 1
OTU_908 0 0 1 3 3 1 14 1 0 1 0 0 0 0 0 0 1 0 0 2 0 0 0
OTU_909 0 0 0 4 0 1 3 3 2 0 1 4 1 3 1 1 0 0 0 7 2 2 0
OTU_910 2 5 2 7 0 1 10 3 9 17 21 1 0 1 0 0 1 1 1 4 2 6 2
OTU_911 0 0 1 1 0 0 3 2 15 35 15 0 0 0 0 0 0 0 1 1 1 3 1
OTU_912 8 4 5 23 5 0 2 6 1 0 1 0 0 0 0 0 16 2 2 1 0 0 0
OTU_913 1 0 1 0 1 0 4 0 0 0 0 1 1 2 0 3 0 0 1 2 2 0 0
OTU_914 1 1 0 4 0 0 1 2 1 0 1 2 0 0 1 0 3 1 9 2 2 4 1
OTU_915 0 2 0 6 4 2 8 2 0 0 2 0 0 0 0 0 1 2 0 0 0 2 1
OTU_916 0 0 0 0 0 0 0 0 26 0 11 0 0 0 0 0 0 0 0 1 0 0 0
OTU_918 0 0 0 3 0 0 4 1 2 0 1 4 2 1 1 4 1 5 5 4 0 2 0
OTU_920 0 0 0 0 0 0 0 1 0 0 0 11 8 7 11 0 5 2 2 1 1 0 0
OTU_924 0 0 1 2 0 0 3 2 1 0 1 3 0 2 1 7 3 13 1 0 1 2 0
OTU_925 0 1 1 2 0 0 3 0 0 0 2 0 0 0 0 0 0 0 2 2 5 7 0
OTU_926 0 0 0 0 0 1 0 0 1 0 0 2 2 5 3 3 1 0 0 0 0 0 0
OTU_927 2 0 0 0 0 0 0 0 0 0 0 6 3 2 7 0 0 2 1 1 0 0 0
OTU_931 0 6 1 4 1 1 16 7 0 0 8 0 0 0 0 0 1 3 1 0 1 2 0
OTU_932 0 3 0 1 0 0 1 0 3 10 7 1 0 0 0 0 0 0 0 0 0 0 0
OTU_937 0 1 0 0 0 0 3 0 0 0 1 3 2 3 1 1 3 2 3 0 1 3 3
OTU_938 1 0 0 0 0 0 0 1 1 1 0 3 1 4 10 4 0 17 2 1 0 2 0
OTU_940 0 3 0 1 0 0 2 2 0 1 1 3 2 1 2 0 2 2 4 1 4 6 2
OTU_942 7 0 0 1 0 0 0 0 1 1 0 4 3 3 9 5 1 10 5 0 0 2 0
OTU_943 6 1 0 0 0 0 1 0 1 0 0 3 0 1 1 3 0 3 2 2 0 1 0
OTU_944 1 3 4 9 1 3 19 11 15 24 6 0 0 0 1 0 0 0 0 0 0 2 0
OTU_950 3 0 0 0 0 0 5 1 1 0 0 0 0 0 0 3 1 0 0 6 5 3 1
OTU_951 7 0 0 1 0 0 1 0 0 0 0 6 1 5 8 3 4 1 3 2 2 3 0
OTU_952 1 0 1 3 1 0 3 0 0 0 0 2 1 4 0 1 1 3 4 1 4 2 0
OTU_953 0 0 0 0 0 0 0 0 1 0 0 1 0 1 1 1 3 6 2 6 2 1 2
OTU_954 0 0 0 7 2 2 16 2 0 0 0 0 0 0 0 1 0 1 0 0 0 0 0
OTU_955 1 0 1 1 0 0 0 0 0 0 0 0 0 0 1 1 9 6 4 0 0 2 2
OTU_956 0 0 0 2 1 0 3 1 1 1 0 1 0 0 0 1 3 4 2 10 4 4 1
OTU_957 2 3 0 2 0 1 2 3 0 0 0 0 0 1 1 1 1 1 0 0 0 1 0
OTU_958 0 3 2 10 1 0 13 3 0 0 0 0 0 0 0 0 0 1 0 0 0 0 0
OTU_959 0 3 1 3 5 2 7 13 9 50 22 1 0 0 1 3 1 1 1 1 3 1 1
OTU_960 0 3 4 6 1 0 6 9 0 0 0 1 2 0 2 0 0 0 0 1 1 0 0
OTU_961 1 1 4 13 1 0 0 1 0 1 1 4 2 2 4 0 1 1 1 0 0 0 0
OTU_962 1 0 0 4 1 2 2 3 0 0 0 1 0 1 0 0 1 3 0 1 4 1 3
OTU_963 0 0 1 2 0 0 0 0 5 21 2 0 0 0 0 0 0 0 0 0 0 0 0
OTU_965 4 3 2 24 4 5 8 4 0 3 0 2 0 0 2 1 1 0 2 0 0 0 0
OTU_966 0 0 0 0 0 0 1 1 10 13 17 0 0 0 0 0 0 0 0 0 0 0 0
OTU_968 3 0 0 6 0 0 0 1 0 1 0 9 1 5 2 0 1 3 0 2 0 1 0
OTU_972 3 0 0 0 0 0 0 0 1 0 1 2 1 0 6 0 0 4 2 1 0 4 1
OTU_973 0 0 0 0 0 0 0 0 0 0 0 6 1 3 6 0 0 1 1 13 4 8 6
OTU_977 1 1 0 1 0 0 3 0 0 0 1 6 3 2 4 2 3 8 2 7 6 3 3
OTU_978 0 0 1 4 0 0 0 3 0 0 0 0 0 1 4 3 14 12 1 0 0 2 0
OTU_979 2 0 0 0 0 0 0 0 1 0 0 1 1 1 0 3 2 6 10 1 0 0 0
OTU_980 2 2 2 12 0 0 2 2 0 1 1 2 0 0 1 5 4 1 4 1 1 1 0
OTU_981 0 0 1 2 1 0 8 9 1 3 1 1 0 0 1 0 0 0 0 1 0 1 0
OTU_982 1 0 0 3 0 0 4 1 0 0 0 0 0 0 0 0 4 0 0 12 3 14 2
OTU_983 1 1 0 6 2 1 7 5 1 0 2 3 0 0 1 0 9 4 1 5 0 2 3
OTU_984 1 0 1 0 0 0 0 1 0 0 0 1 1 0 1 0 3 1 7 8 8 4 0
OTU_986 0 1 0 1 0 0 3 2 2 1 2 4 1 3 3 1 2 4 1 7 2 6 0
OTU_989 1 4 1 15 2 1 3 1 0 0 0 0 0 0 0 0 0 0 0 0 0 0 0
OTU_991 5 0 0 1 0 0 0 0 2 1 0 5 1 2 1 6 0 1 0 2 0 0 0
OTU_993 0 0 0 0 0 0 0 3 32 37 57 0 0 0 0 0 0 2 0 0 0 1 1
OTU_995 2 0 0 2 0 0 3 2 2 1 2 23 7 19 28 4 3 11 6 9 9 5 1
OTU_997 1 1 0 0 0 0 1 1 0 0 2 0 0 1 1 5 6 1 1 11 2 6 1
OTU_998 3 0 0 1 0 0 0 0 0 0 0 3 1 1 0 3 1 2 1 2 4 1 1
OTU_999 0 0 0 1 0 1 0 0 0 1 0 5 0 0 1 1 1 1 3 3 0 5 3
OTU_1000 1 0 1 6 0 0 2 3 0 1 0 5 0 0 4 2 1 1 0 0 0 0 1
OTU_1001 4 2 2 6 1 0 6 1 0 0 0 0 0 1 1 0 1 0 1 9 2 0 1
OTU_1002 1 0 0 0 0 0 2 1 0 0 1 2 0 0 2 7 3 4 2 1 0 4 0
OTU_1003 1 0 0 2 1 1 4 2 0 3 3 1 0 0 0 1 1 1 2 6 3 6 0
OTU_1004 2 0 1 11 0 0 2 1 0 1 1 3 2 0 3 6 6 9 4 7 2 8 2
OTU_1005 0 0 0 8 0 0 1 1 5 0 6 1 0 1 4 0 2 3 2 1 0 4 2
OTU_1006 2 0 0 1 0 0 1 1 0 1 0 14 5 7 7 2 0 3 0 0 0 2 1
OTU_1007 0 0 0 2 0 1 2 0 1 0 1 0 1 0 1 0 0 0 0 6 2 7 1
OTU_1009 7 0 1 0 0 0 0 0 0 1 0 2 3 3 0 0 0 0 0 0 0 0 0
OTU_1010 0 0 0 0 0 0 1 0 16 10 16 0 0 0 0 0 0 0 0 0 1 4 1
OTU_1014 0 0 2 10 0 0 3 1 4 8 6 1 1 1 0 0 1 1 3 2 3 2 1
OTU_1015 0 0 2 0 0 1 2 2 15 7 9 0 0 0 0 2 1 1 1 0 0 3 0
OTU_1017 1 0 0 0 0 0 1 0 0 0 0 5 4 5 3 3 2 1 1 0 0 0 0
OTU_1019 0 0 3 1 1 0 2 1 0 0 0 0 1 1 0 3 1 1 1 4 1 6 2
OTU_1024 0 0 0 0 0 0 0 0 1 0 0 6 5 10 6 1 1 14 6 1 0 1 0
OTU_1026 1 0 0 2 1 0 14 4 0 0 0 0 0 0 0 1 1 0 0 6 6 6 3
OTU_1030 0 2 0 1 0 1 6 8 4 3 1 2 0 1 2 2 1 2 3 3 0 10 2
OTU_1031 1 0 0 0 0 0 2 1 0 0 0 8 3 2 2 1 1 0 0 1 0 0 3
OTU_1033 0 0 0 2 2 1 10 7 0 2 1 0 0 0 0 0 1 0 0 0 0 0 0
OTU_1034 0 0 0 2 1 2 4 0 1 0 0 0 1 0 0 0 2 0 0 6 2 0 1
OTU_1037 0 2 0 0 0 1 4 4 0 2 0 2 1 0 3 0 1 3 1 7 1 5 6
OTU_1039 0 0 0 0 0 0 0 0 0 1 1 7 3 6 10 0 0 1 0 0 0 1 0
OTU_1040 2 0 0 0 0 1 0 1 0 0 0 7 6 2 1 4 0 2 3 0 0 1 1
OTU_1042 3 1 0 8 6 1 23 23 0 0 1 16 4 7 8 3 1 24 8 1 4 11 1
OTU_1043 1 1 1 6 1 0 7 5 1 1 1 21 3 7 7 7 6 5 6 2 1 3 0
OTU_1046 0 0 2 4 2 2 0 3 0 0 0 0 0 0 0 0 2 3 0 2 2 0 2
OTU_1049 2 0 0 1 0 0 0 0 1 0 0 4 2 1 7 4 0 2 2 1 1 3 0
OTU_1051 2 0 0 0 1 0 1 0 1 0 0 1 2 2 6 0 1 4 2 1 1 4 3
OTU_1052 6 2 0 9 1 3 3 1 0 0 1 1 1 3 2 6 5 7 4 5 1 3 0
OTU_1053 0 0 0 0 0 1 0 0 1 1 0 1 0 0 1 1 0 0 0 5 2 6 2
OTU_1054 0 1 1 4 1 1 3 0 1 0 0 0 0 0 0 0 0 0 1 0 0 0 0
OTU_1056 2 0 0 2 1 1 4 0 0 2 1 5 1 1 5 1 1 3 4 7 0 5 2
OTU_1057 0 2 2 5 1 0 0 0 0 0 0 0 0 2 0 0 3 0 1 0 0 0 0
OTU_1058 1 1 0 1 3 0 4 0 1 2 2 0 0 0 1 0 1 2 1 4 3 2 1
OTU_1059 1 2 5 5 1 0 3 4 0 2 2 2 2 2 4 2 2 2 2 8 6 3 0
OTU_1060 1 0 0 1 0 1 12 10 3 2 2 0 0 0 0 0 5 1 3 3 1 0 0
OTU_1061 0 3 0 1 2 0 14 11 0 0 1 0 0 0 0 0 0 0 0 0 0 0 1
OTU_1063 0 0 1 0 1 0 0 0 0 0 0 10 1 5 10 0 0 1 0 0 0 4 1
OTU_1065 9 2 2 4 0 0 0 0 0 1 0 6 2 1 5 1 8 14 7 0 1 3 1
OTU_1066 0 0 0 0 0 0 0 0 0 0 0 1 0 0 0 0 1 15 4 5 1 10 0
OTU_1069 0 0 1 0 0 0 0 0 0 0 0 7 1 3 4 2 4 4 0 0 0 1 0
OTU_1071 0 0 0 0 0 0 0 0 0 0 0 0 4 2 1 0 2 2 7 1 0 2 1
OTU_1072 1 2 2 11 1 0 7 2 0 0 0 5 1 0 5 3 1 0 0 1 0 0 1
OTU_1076 1 0 0 0 0 0 0 0 0 0 1 5 2 3 1 1 0 7 0 1 1 12 4
OTU_1081 1 0 1 8 1 0 1 1 0 0 0 4 0 1 0 2 5 3 10 6 0 5 1
OTU_1082 0 0 0 1 1 0 4 0 1 0 3 0 0 0 0 0 1 0 0 6 4 3 2
OTU_1084 14 0 0 0 0 0 0 1 0 0 0 3 0 2 2 0 0 1 3 0 0 3 0
OTU_1085 6 0 1 7 0 0 0 0 0 0 0 1 1 1 3 1 0 0 0 0 0 1 0
OTU_1087 0 0 0 0 0 0 0 0 5 11 23 0 0 1 0 0 0 0 0 0 0 0 0
OTU_1088 0 0 2 2 3 1 14 10 0 1 0 4 1 1 1 5 9 3 0 10 1 5 3
OTU_1089 3 2 1 5 0 0 1 2 0 0 1 10 0 4 6 7 1 4 1 0 0 1 0
OTU_1090 1 1 0 5 1 0 0 0 0 2 2 0 1 1 0 1 11 9 4 5 0 1 0
OTU_1091 0 0 1 2 1 0 7 2 1 0 1 0 1 0 2 0 2 0 0 3 0 4 2
OTU_1093 2 2 2 5 0 0 2 1 0 0 1 1 0 0 1 5 5 2 5 5 4 8 5
OTU_1095 1 0 0 2 0 0 2 2 0 1 1 1 0 0 0 0 6 2 5 4 1 1 2
OTU_1097 0 0 1 3 0 0 4 1 3 3 0 0 0 1 4 3 4 1 1 13 0 3 3
OTU_1098 0 0 0 4 1 0 1 0 0 0 0 7 3 0 5 2 1 1 1 3 0 4 2
OTU_1100 0 0 0 0 0 1 0 0 0 0 0 2 2 1 5 1 2 2 0 1 2 1 1
OTU_1101 0 0 0 1 0 0 2 1 0 0 0 7 0 2 2 6 1 3 1 3 0 2 0
OTU_1102 0 0 1 1 0 0 2 4 0 6 8 0 0 0 0 0 1 0 1 1 3 9 3
OTU_1103 1 2 2 4 0 0 15 4 0 0 1 0 1 0 1 0 1 1 4 1 0 3 0
OTU_1105 0 0 0 0 0 0 0 2 0 0 0 15 3 5 8 0 1 1 3 3 0 0 0
OTU_1106 0 0 0 2 1 0 0 0 0 0 0 1 0 0 0 1 5 2 3 2 4 8 6
OTU_1107 1 0 0 0 1 1 1 0 0 0 1 2 0 0 0 5 0 8 2 3 1 1 0
OTU_1108 0 0 0 1 1 0 1 0 0 0 1 1 1 0 1 0 10 10 6 0 0 1 0
OTU_1109 0 0 1 1 0 0 7 0 0 0 0 2 0 0 1 0 1 0 1 15 1 3 1
OTU_1113 2 1 1 5 0 0 1 2 0 2 0 1 0 0 0 0 6 7 11 1 0 3 0
OTU_1117 1 0 0 0 0 0 0 0 1 0 0 7 1 3 5 6 1 6 4 1 1 2 3
OTU_1119 0 2 2 3 0 0 3 2 0 1 0 1 1 0 3 2 2 3 3 0 0 2 0
OTU_1121 0 0 0 4 1 0 3 0 1 1 0 10 1 5 10 2 1 4 3 1 3 13 3
OTU_1124 2 0 0 5 0 0 1 2 5 6 5 4 0 3 3 1 0 6 1 3 1 3 2
OTU_1125 0 0 0 1 0 0 1 1 0 0 0 0 0 0 2 0 5 0 3 13 1 21 10
OTU_1127 1 1 0 4 1 0 1 0 2 0 0 2 0 0 4 5 3 1 2 3 1 4 5
OTU_1128 1 1 1 3 2 0 4 3 2 0 0 2 0 0 1 3 2 4 3 3 2 3 3
OTU_1129 0 0 0 1 0 0 0 1 0 0 1 2 1 5 2 2 5 8 2 3 0 1 2
OTU_1131 1 0 1 1 1 0 1 1 0 0 1 3 1 1 3 0 7 1 1 12 4 6 0
OTU_1136 0 0 0 0 1 1 3 0 0 0 0 5 0 2 0 4 6 4 3 4 4 3 0
OTU_1138 10 0 1 15 0 0 4 1 1 2 1 7 4 7 10 23 13 15 16 16 9 23 6
OTU_1139 0 1 0 1 0 2 15 0 0 1 0 1 0 0 0 0 1 0 1 0 0 1 0
OTU_1140 0 3 4 8 1 0 3 1 0 0 0 0 0 1 0 0 0 1 2 2 0 4 0
OTU_1141 0 0 0 0 0 0 0 0 19 14 18 1 1 0 2 0 0 0 0 0 0 1 0
OTU_1143 0 2 2 1 3 0 4 5 0 1 0 0 0 0 0 0 0 0 0 0 0 1 0
OTU_1144 1 0 3 3 4 3 11 2 9 7 16 0 0 0 0 4 1 1 2 8 3 3 3
OTU_1145 1 4 0 4 0 2 5 0 0 2 2 0 0 1 3 1 1 3 1 3 4 4 0
OTU_1146 0 1 0 2 2 0 1 2 5 17 12 2 0 0 0 1 0 0 2 2 0 3 2
OTU_1147 0 1 0 0 0 0 0 0 5 17 16 0 0 0 0 0 0 0 0 0 0 0 0
OTU_1148 5 0 6 10 0 0 0 0 0 0 0 0 0 0 0 0 0 1 0 0 1 0 0
OTU_1152 6 0 1 0 0 0 1 0 0 1 0 6 0 1 3 12 1 2 3 0 0 0 2
OTU_1154 0 0 0 0 0 0 2 0 0 0 0 0 1 1 2 9 3 7 1 3 2 1 0
OTU_1155 1 2 0 5 3 2 6 3 2 3 14 3 0 0 0 0 4 1 0 3 0 4 5
OTU_1156 2 1 0 1 0 2 0 1 0 0 0 4 1 1 4 1 3 3 3 0 0 2 0
OTU_1157 0 0 0 0 0 0 1 0 0 1 1 6 1 4 6 2 2 0 1 1 2 1 4
OTU_1162 0 1 0 0 0 1 0 0 0 1 0 2 18 1 3 0 0 0 0 0 0 1 0
OTU_1163 0 0 0 1 0 0 1 0 0 0 0 7 2 4 6 1 0 4 0 1 0 5 0
OTU_1166 0 0 0 0 1 0 0 0 0 0 0 0 0 0 0 1 3 2 0 5 5 6 1
OTU_1167 0 0 1 1 0 0 2 2 2 2 1 2 0 3 0 0 1 1 0 4 0 3 1
OTU_1168 1 3 2 9 0 0 0 0 0 2 0 0 0 0 0 0 0 0 0 0 0 1 0
OTU_1171 2 1 2 3 1 1 9 5 0 0 0 0 0 1 0 0 0 0 0 0 1 1 0
OTU_1172 2 0 1 1 1 0 2 2 0 0 0 3 1 5 4 1 1 3 1 12 2 2 3
OTU_1175 0 0 0 2 0 0 0 2 3 2 6 1 1 3 3 1 0 2 2 2 0 4 1
OTU_1176 2 1 0 2 0 0 0 2 3 4 2 0 0 3 4 1 2 6 4 2 0 4 3
OTU_1177 0 0 1 1 0 0 0 0 14 11 13 1 0 2 0 1 0 0 0 0 0 3 0
OTU_1178 0 0 0 0 0 0 0 0 3 9 21 0 1 0 0 0 0 0 0 0 0 0 1
OTU_1180 3 1 0 7 0 0 24 16 1 1 0 1 0 0 0 2 0 2 4 0 0 2 0
OTU_1189 5 0 0 3 0 0 7 2 1 1 4 4 7 10 11 4 0 11 4 19 11 6 6
OTU_1190 1 0 0 0 0 0 1 1 1 1 0 9 2 4 10 9 3 2 1 0 0 2 4
OTU_1191 5 0 1 4 0 0 1 2 13 3 15 5 4 5 4 4 5 3 4 7 3 3 4
OTU_1194 6 0 0 12 1 1 7 3 1 0 0 2 1 1 2 7 3 4 2 2 0 1 3
OTU_1200 1 1 1 6 2 0 0 3 0 0 0 0 0 0 1 1 4 0 4 3 1 1 0
OTU_1201 0 3 2 4 1 0 1 3 0 0 0 0 0 0 0 0 1 0 0 1 0 0 0
OTU_1202 2 2 3 6 0 0 0 0 0 1 0 0 0 0 0 0 0 1 0 0 0 0 0
OTU_1203 4 3 2 2 0 0 1 1 0 0 0 2 0 0 2 1 2 1 1 0 0 0 0
OTU_1204 0 2 0 2 1 1 6 5 9 5 18 0 0 0 1 1 0 0 0 8 2 3 5
OTU_1205 0 1 0 0 0 0 0 1 10 12 9 0 0 0 0 0 0 1 0 3 0 1 1
OTU_1208 3 0 0 4 0 0 2 2 0 0 0 1 0 1 0 2 1 3 3 1 1 3 1
OTU_1209 0 0 0 0 0 1 0 1 0 0 0 0 2 1 1 0 0 3 2 3 0 0 2
OTU_1210 1 0 0 0 0 0 6 0 1 0 1 10 2 3 10 11 13 13 12 11 2 16 12
OTU_1211 0 0 0 2 0 0 1 1 0 0 0 1 3 4 4 0 0 1 0 9 2 5 3
OTU_1214 1 0 0 1 0 0 1 2 0 0 0 1 0 0 1 2 0 1 2 9 3 0 3
OTU_1222 4 0 1 0 1 0 0 0 0 0 0 3 0 2 1 1 0 4 0 0 2 9 1
OTU_1225 0 0 0 0 2 1 0 0 1 10 1 0 0 0 0 0 0 2 1 1 1 1 0
OTU_1226 0 3 3 11 0 1 6 2 0 0 1 2 0 0 0 1 0 3 0 3 0 0 0
OTU_1229 0 4 1 3 1 0 5 1 0 0 1 0 0 0 0 0 5 0 1 2 0 0 0
OTU_1230 1 0 0 9 1 0 0 0 1 0 0 1 0 0 0 0 4 4 2 0 0 4 1
OTU_1231 0 2 0 1 0 0 3 1 0 0 0 2 1 0 1 0 1 2 4 6 4 5 3
OTU_1232 1 0 0 3 2 0 2 4 2 0 12 0 0 0 0 1 2 3 0 1 0 3 0
OTU_1233 1 0 0 1 0 1 0 0 0 0 1 0 1 0 2 1 1 0 0 4 2 2 2
OTU_1234 0 1 1 2 2 0 11 3 0 0 0 0 0 1 0 0 0 0 0 0 0 0 0
OTU_1235 0 1 1 2 1 1 16 7 20 16 14 0 1 2 0 0 0 0 0 0 2 1 0
OTU_1237 1 0 1 1 0 0 0 0 0 1 1 2 1 0 7 1 3 2 3 2 0 0 0
OTU_1241 0 0 0 0 0 0 1 0 0 0 0 0 0 0 0 7 2 18 4 3 0 1 1
OTU_1246 3 0 2 9 0 1 4 1 1 2 0 5 0 7 5 4 0 6 3 1 2 1 0
OTU_1247 0 1 1 3 2 0 8 6 0 0 1 5 4 0 5 8 1 19 1 1 0 0 0
OTU_1251 1 0 0 0 1 0 0 0 0 0 0 2 3 1 2 3 6 4 7 2 4 2 5
OTU_1252 1 0 0 3 0 0 3 1 0 0 0 3 0 0 0 2 2 0 1 4 3 7 1
OTU_1260 0 0 1 0 0 0 0 1 0 0 0 3 1 0 6 2 1 6 0 1 0 3 2
OTU_1262 0 0 2 2 0 0 0 2 2 4 4 4 0 1 3 2 3 1 1 2 0 6 2
OTU_1264 0 2 3 13 1 0 0 0 0 0 0 0 0 0 0 0 0 0 0 0 0 1 0
OTU_1265 1 2 0 1 0 0 0 2 1 1 3 1 0 0 0 0 0 1 1 6 2 1 2
OTU_1266 1 4 2 5 0 0 1 1 0 3 0 0 0 0 1 0 0 0 1 0 0 0 0
OTU_1267 2 1 1 4 1 0 14 4 0 2 0 4 1 5 4 2 1 3 8 13 6 8 4
OTU_1269 0 1 0 4 1 2 2 1 5 1 7 3 0 2 3 3 3 2 1 5 0 0 1
OTU_1273 2 1 0 2 0 0 1 8 3 1 5 2 0 0 5 2 2 6 4 1 0 5 6
OTU_1279 1 1 0 2 0 1 0 0 0 0 0 0 0 0 0 0 3 0 2 2 0 8 5
OTU_1284 2 1 0 6 0 0 1 3 2 3 4 2 0 7 4 1 2 0 5 2 4 6 4
OTU_1287 0 0 0 0 0 0 0 1 0 2 0 5 1 3 6 3 0 7 1 1 0 1 0
OTU_1288 0 0 0 2 1 0 0 1 0 0 0 4 2 3 2 7 8 24 7 3 2 9 2
OTU_1292 3 0 0 0 0 0 1 0 0 0 0 2 1 1 5 1 0 5 1 1 0 2 2
OTU_1299 0 0 0 1 0 0 0 1 25 6 20 0 0 0 0 0 0 0 0 2 0 2 2
OTU_1300 0 0 1 1 0 0 1 0 10 12 21 1 1 0 0 0 0 0 0 1 0 1 0
OTU_1303 24 0 0 1 0 0 0 0 0 0 0 0 0 0 2 1 1 6 3 1 3 0 0
OTU_1306 4 0 1 1 0 1 8 1 0 0 0 0 0 0 2 6 2 1 2 3 1 0 1
OTU_1308 6 1 1 5 0 0 0 0 0 1 1 0 0 1 0 0 0 1 0 0 0 0 0
OTU_1309 0 0 0 0 0 0 0 0 22 19 6 0 0 0 0 0 0 0 0 0 0 1 0
OTU_1313 2 0 0 2 0 0 0 0 1 0 0 4 3 3 8 1 0 1 0 2 0 0 0
OTU_1314 2 3 3 10 0 0 1 1 0 0 0 1 0 3 2 1 0 0 1 0 1 0 0
OTU_1317 7 2 1 1 0 0 2 2 0 0 0 2 0 1 3 2 0 0 3 3 0 1 1
OTU_1321 2 5 0 14 1 0 4 9 1 0 1 5 2 3 2 4 2 2 0 4 3 6 4
OTU_1322 1 0 0 0 0 1 1 1 2 3 1 0 0 1 1 4 0 1 0 0 1 1 0
OTU_1323 3 0 0 2 0 0 0 0 0 0 0 1 1 0 0 6 6 2 3 1 1 2 1
OTU_1325 1 1 0 0 0 0 4 0 1 0 1 6 2 4 7 7 0 4 1 0 0 2 3
OTU_1327 8 3 2 9 4 0 24 7 2 0 0 5 1 0 2 0 12 25 15 5 0 6 1
OTU_1331 1 1 0 2 1 0 2 3 0 0 3 1 0 0 0 2 3 0 1 2 0 1 0
OTU_1332 1 0 0 0 0 0 0 1 0 0 1 0 0 1 0 0 1 1 0 4 1 13 6
OTU_1333 2 1 3 1 0 0 1 3 2 3 0 6 0 2 1 1 0 1 0 3 1 3 1
OTU_1337 1 0 0 0 0 0 0 0 1 0 0 7 0 0 1 2 2 9 2 1 1 3 1
OTU_1338 0 0 2 4 1 0 2 2 0 1 1 0 0 0 1 3 3 1 0 5 3 11 4
OTU_1339 1 2 1 2 1 1 2 6 0 2 3 1 0 0 2 0 6 4 4 5 0 6 3
OTU_1342 1 2 0 2 0 0 3 1 4 7 3 2 0 2 3 0 0 1 1 6 0 5 0
OTU_1343 2 0 1 6 0 0 0 4 2 4 1 3 0 2 3 2 1 2 4 2 0 3 0
OTU_1347 1 0 1 6 0 0 5 2 0 2 1 0 0 0 1 2 5 1 2 4 0 5 1
OTU_1351 1 2 0 6 1 1 5 1 1 0 0 1 0 0 0 0 3 0 2 0 0 0 0
OTU_1355 1 2 1 1 0 0 1 2 0 0 0 1 1 0 1 0 0 11 0 0 0 0 0
OTU_1356 1 2 0 1 0 1 2 0 4 0 1 2 0 0 0 1 1 1 3 2 2 4 1
OTU_1358 0 3 0 4 1 1 9 4 0 0 1 1 0 0 0 1 1 0 0 0 0 0 0
OTU_1359 1 0 0 3 0 1 4 1 0 0 0 2 0 0 0 1 2 2 1 3 1 5 5
OTU_1360 0 0 0 1 0 0 5 0 12 11 27 0 0 0 0 0 0 0 0 5 0 0 0
OTU_1361 1 1 0 4 1 1 1 0 6 8 16 0 0 0 1 0 0 0 0 0 0 2 0
OTU_1364 0 0 0 0 0 0 2 0 0 0 0 1 3 4 5 1 3 1 1 0 1 0 0
OTU_1365 0 1 3 1 1 0 7 1 20 18 24 1 0 0 0 1 0 1 1 4 2 4 4
OTU_1367 0 2 0 2 1 1 7 4 5 7 3 1 0 0 1 1 1 0 0 2 0 1 0
OTU_1368 2 0 0 2 0 0 2 0 0 2 0 5 1 3 1 4 2 6 4 8 5 2 1
OTU_1370 0 2 0 3 1 1 5 0 5 0 2 0 0 0 0 1 0 0 1 2 0 0 0
OTU_1374 0 0 0 1 0 0 0 0 0 0 0 4 1 1 2 2 1 5 1 8 1 6 2
OTU_1376 1 0 0 2 0 0 2 0 0 0 0 8 3 1 2 3 11 5 1 0 0 7 0
OTU_1377 2 1 4 2 0 1 3 3 0 0 0 3 1 2 2 6 0 3 1 0 0 1 0
OTU_1381 8 3 2 6 1 0 8 3 1 1 0 4 1 2 4 2 0 2 3 0 0 0 1
OTU_1383 5 1 0 2 0 0 0 0 0 0 0 2 0 1 3 4 5 6 4 2 4 4 0
OTU_1386 1 1 0 2 0 1 1 0 1 0 0 0 0 0 0 1 1 1 1 3 2 0 0
OTU_1389 3 0 0 0 0 0 0 1 0 1 1 5 0 5 3 7 5 3 7 2 0 1 0
OTU_1400 5 1 0 3 0 0 2 1 0 0 1 4 0 4 1 1 2 2 1 0 0 2 1
OTU_1403 4 0 0 1 0 0 0 0 1 1 0 8 3 4 6 3 1 9 1 0 1 10 1
OTU_1406 3 1 0 0 0 0 0 2 0 0 1 3 2 0 1 1 4 1 3 1 0 0 1
OTU_1409 2 2 0 2 0 1 4 4 1 2 0 3 0 4 3 15 3 5 1 2 1 0 0
OTU_1410 0 1 0 2 0 0 0 1 2 1 1 1 2 2 2 1 1 2 0 0 1 2 2
OTU_1411 8 2 2 6 4 0 10 6 1 0 1 7 3 6 10 38 2 15 4 2 0 11 4
OTU_1412 0 0 0 0 1 0 2 1 0 4 2 0 0 0 0 0 0 0 0 1 1 9 5
OTU_1420 1 0 1 3 0 0 3 0 3 0 2 3 1 1 1 9 0 8 2 0 0 1 0
OTU_1428 0 1 0 0 4 7 3 6 1 1 0 0 0 0 0 0 1 0 0 1 0 5 1
OTU_1430 0 5 8 2 0 0 1 0 1 0 2 0 0 1 0 0 0 0 0 0 0 0 1
OTU_1431 0 0 0 1 1 3 5 5 1 1 0 0 0 0 0 0 0 0 0 0 0 0 0
OTU_1432 0 0 0 1 0 0 3 2 12 1 8 0 0 0 0 0 0 0 0 2 0 0 1
OTU_1438 1 1 0 2 1 0 2 1 2 5 7 2 0 0 4 2 0 5 1 2 1 4 1
OTU_1439 1 1 0 3 0 1 6 2 0 0 2 1 0 0 0 0 0 0 0 0 1 0 0
OTU_1443 0 0 0 8 1 1 5 3 0 0 0 0 0 2 0 0 2 0 1 1 0 0 0
OTU_1445 2 0 0 0 0 0 0 0 1 2 0 7 1 6 4 0 1 0 0 0 0 1 0
OTU_1455 1 0 1 1 0 0 1 0 0 0 1 3 1 1 2 1 5 0 2 0 2 0 0
OTU_1457 2 2 0 1 2 0 1 1 0 0 0 2 2 1 5 7 4 6 2 1 0 1 0
OTU_1462 0 0 0 1 0 0 1 0 0 0 0 1 0 6 3 9 0 12 5 2 1 6 0
OTU_1463 1 1 0 1 0 0 1 1 0 0 1 4 3 3 4 3 6 12 7 1 3 2 2
OTU_1469 3 0 2 9 1 0 1 0 0 0 1 2 1 1 4 0 1 2 0 1 0 0 0
OTU_1472 5 1 0 3 0 1 20 1 0 0 0 8 2 3 1 1 0 7 3 4 3 10 1
OTU_1477 12 1 2 11 1 2 10 5 0 0 0 0 0 0 0 8 8 2 3 0 0 0 0
OTU_1481 1 0 0 2 1 1 0 0 8 7 6 0 0 0 0 0 0 2 0 1 0 0 0
OTU_1483 0 0 1 0 0 0 0 1 3 24 3 0 0 0 1 0 0 0 0 0 0 0 0
OTU_1484 0 0 3 5 3 0 0 3 0 0 0 0 0 0 3 0 0 0 0 0 0 0 1
OTU_1490 1 2 2 2 1 0 1 1 0 1 0 0 0 0 0 2 0 4 1 1 2 0 0
OTU_1493 3 2 0 4 1 0 12 4 0 0 0 5 0 1 0 1 3 2 1 6 3 5 4
OTU_1497 0 0 0 1 0 1 3 2 0 0 0 0 0 0 0 2 4 1 2 0 0 3 2
OTU_1509 6 0 0 0 0 0 0 0 0 1 0 4 2 4 3 2 2 3 0 2 1 1 3
OTU_1511 0 0 1 0 0 0 2 0 0 1 0 11 2 1 8 8 0 0 0 0 0 0 1
OTU_1513 2 0 1 1 0 0 2 4 1 0 0 6 1 2 1 0 1 1 3 2 1 4 0
OTU_1518 0 0 1 2 1 1 0 0 1 0 0 0 0 0 1 0 9 0 1 0 0 0 0
OTU_1520 0 2 0 4 0 0 1 0 3 3 6 0 0 0 2 0 0 1 0 3 2 2 0
OTU_1522 1 1 1 2 3 0 1 1 1 2 4 4 0 4 3 0 0 1 1 3 0 2 1
OTU_1529 0 3 5 17 4 1 5 1 5 11 10 2 0 0 0 2 0 1 0 1 0 1 0
OTU_1530 3 2 0 3 0 0 7 6 0 0 0 0 0 0 0 0 1 0 2 9 0 0 0
OTU_1531 0 0 0 0 0 0 0 0 16 12 36 0 0 0 0 0 0 0 0 0 0 1 0
OTU_1533 0 0 0 0 0 0 0 0 19 19 20 0 0 0 0 0 0 0 0 0 0 1 0
OTU_1535 1 0 2 1 0 1 0 0 1 4 4 0 0 1 1 1 0 1 0 0 1 1 0
OTU_1540 2 1 0 1 2 2 4 4 0 0 0 1 0 1 3 1 1 2 4 6 0 1 1
OTU_1541 6 2 0 8 2 0 4 2 0 0 0 3 1 1 5 5 4 9 3 6 3 7 0
OTU_1542 2 0 0 0 0 0 2 0 0 0 1 4 6 2 7 4 2 1 0 0 0 0 0
OTU_1546 0 3 2 7 2 0 5 7 0 1 2 2 1 0 5 1 1 2 3 11 1 3 2
OTU_1548 3 0 1 4 0 0 1 0 0 0 0 4 1 2 3 2 1 4 2 0 1 0 0
OTU_1550 0 0 1 1 0 0 1 1 0 2 4 4 1 2 3 2 0 0 1 5 0 4 2
OTU_1553 1 2 1 5 0 0 0 2 0 0 0 2 1 0 1 2 2 3 1 0 0 0 0
OTU_1555 3 1 0 2 0 0 1 1 1 1 1 9 4 10 10 9 2 13 2 1 0 4 0
OTU_1558 0 0 0 0 0 0 0 0 0 0 0 6 0 5 11 7 0 1 0 1 0 2 0
OTU_1565 1 0 0 0 0 0 3 3 0 0 1 1 0 4 5 0 2 0 0 1 4 1 1
OTU_1572 5 0 1 5 1 1 6 1 0 1 0 0 0 0 0 0 4 0 0 3 0 0 0
OTU_1576 0 0 0 0 0 0 0 0 0 1 0 5 2 2 1 0 0 4 0 8 6 2 0
OTU_1583 0 1 1 7 2 0 2 2 0 0 0 1 0 0 0 0 0 0 0 1 0 0 0
OTU_1588 0 3 8 6 4 0 1 3 0 0 1 0 0 0 1 0 2 3 0 1 0 0 0
OTU_1594 5 1 2 2 1 0 24 2 1 0 0 4 0 2 0 2 2 5 2 21 6 14 9
OTU_1596 1 2 3 3 0 0 0 0 1 1 4 0 0 2 0 3 1 1 0 1 0 1 1
OTU_1597 5 1 0 1 1 0 7 7 1 3 3 9 7 7 8 14 6 24 7 6 4 15 4
OTU_1600 0 1 0 1 1 0 2 2 0 1 4 2 0 0 2 1 2 1 0 3 0 1 1
OTU_1601 2 1 3 3 2 0 5 5 0 0 1 1 0 1 2 4 9 7 5 5 2 4 2
OTU_1602 1 0 0 7 1 0 1 0 0 1 3 2 0 0 4 2 5 4 8 8 3 8 7
OTU_1603 3 3 1 0 0 0 0 0 0 0 1 1 0 1 0 1 2 1 0 0 0 0 1
OTU_1604 0 0 1 0 0 0 0 0 0 0 2 5 3 5 5 8 8 18 12 3 0 4 0
OTU_1607 1 0 0 0 0 0 0 0 0 0 0 3 1 2 5 0 3 7 2 7 0 10 1
OTU_1608 1 0 0 0 0 0 1 0 0 2 0 4 2 2 2 5 0 3 3 3 0 2 2
OTU_1617 1 0 0 1 0 1 0 0 0 0 0 2 1 4 5 0 0 0 2 0 0 0 0
OTU_1623 2 0 0 1 1 0 3 0 0 0 0 2 3 2 1 1 2 4 2 4 2 5 0
OTU_1627 0 0 0 0 1 1 1 1 0 0 0 0 1 0 0 0 0 10 0 9 0 1 3
OTU_1628 1 0 0 0 0 0 0 0 0 0 1 2 1 0 1 3 1 5 4 1 5 5 0
OTU_1632 0 0 1 0 0 0 1 0 2 0 6 0 0 0 0 0 1 0 2 8 0 9 2
OTU_1633 1 0 1 2 2 1 1 1 0 1 0 0 1 4 2 0 1 1 1 4 2 4 2
OTU_1639 1 0 0 2 0 0 4 4 0 0 1 1 0 0 0 2 6 3 2 1 1 5 0
OTU_1652 0 2 0 15 0 0 0 0 0 2 0 0 0 1 0 0 3 0 1 1 0 1 0
OTU_1653 0 1 0 3 1 0 3 1 0 1 0 4 0 5 3 0 4 5 3 3 1 3 2
OTU_1654 0 0 0 0 1 0 1 0 0 0 0 1 0 0 0 2 0 1 1 6 4 3 2
OTU_1658 0 0 0 1 3 1 0 0 2 5 3 0 0 0 0 0 1 0 0 0 0 0 1
OTU_1660 0 3 3 4 0 0 0 0 1 0 1 0 0 1 0 0 0 0 0 0 0 1 0
OTU_1663 0 0 0 0 0 1 4 2 23 13 18 0 0 0 0 0 0 1 0 0 0 1 0
OTU_1669 0 1 0 2 0 0 0 0 11 11 18 0 0 0 0 0 0 0 0 0 0 1 0
OTU_1670 0 0 0 2 0 0 0 2 14 8 19 1 0 0 0 0 0 0 1 0 0 1 0
OTU_1671 0 1 0 1 1 0 0 0 9 3 22 0 0 0 1 0 0 1 0 0 0 0 0
OTU_1678 2 0 3 4 1 0 2 2 0 0 0 0 1 0 0 3 4 0 0 8 3 11 5
OTU_1679 0 0 0 0 0 0 0 0 16 12 23 0 0 0 0 0 0 0 0 0 1 0 0
OTU_1682 0 0 0 4 1 0 1 1 1 2 4 1 0 1 3 1 2 2 3 2 0 3 1
OTU_1683 1 1 2 5 0 0 1 0 0 0 1 6 3 1 1 0 0 0 0 0 0 0 0
OTU_1684 1 2 3 2 0 0 1 1 1 2 2 119 37 59 99 11 4 6 0 5 0 5 3
OTU_1685 1 0 0 3 0 0 4 3 1 1 0 0 1 2 3 1 8 10 10 36 3 28 3
OTU_1700 1 0 0 1 0 0 0 0 0 1 1 6 1 3 9 2 1 0 0 0 1 0 0
OTU_1701 0 0 1 2 0 0 0 0 1 2 2 10 0 2 3 0 0 3 0 3 1 3 0
OTU_1703 1 0 0 1 0 0 0 2 0 0 0 14 2 5 6 0 0 0 2 1 0 1 0
OTU_1710 18 1 4 33 1 2 22 14 1 4 4 14 3 6 15 12 22 20 19 64 25 54 20
OTU_1711 0 1 4 10 2 0 4 1 0 7 0 0 1 0 1 0 0 0 1 2 0 2 1
OTU_1716 3 0 0 1 3 0 7 2 0 0 0 0 0 0 0 0 0 1 2 1 1 2 2
OTU_1725 4 0 0 1 0 0 0 1 1 0 1 9 0 2 5 5 3 6 5 12 6 6 6
OTU_1731 0 1 2 4 0 1 2 1 1 2 7 0 0 0 0 1 1 1 1 0 0 0 0
OTU_1732 0 3 0 2 2 0 0 3 6 0 15 1 0 0 0 1 0 0 0 0 1 0 0
OTU_1734 2 2 3 3 0 0 0 0 0 0 0 2 0 1 0 0 0 0 0 1 0 0 0
OTU_1740 1 0 0 4 2 1 7 5 1 7 2 0 0 0 0 0 0 0 1 0 0 0 0
OTU_1742 0 1 0 2 0 0 0 1 47 46 76 2 0 1 1 3 1 1 0 1 0 2 0
OTU_1747 0 0 0 0 0 0 0 3 1 0 0 6 2 1 3 2 4 4 5 2 1 1 4
OTU_1750 0 1 1 0 0 0 0 1 4 11 9 1 0 0 0 0 0 0 0 0 0 0 0
OTU_1768 1 0 0 1 0 0 2 0 0 0 1 4 1 4 1 5 5 10 2 4 3 7 4
OTU_1783 0 0 0 0 0 0 1 0 2 1 0 10 0 3 5 12 9 7 9 0 0 0 1
OTU_1788 0 0 0 2 0 0 2 2 0 0 0 0 0 0 0 1 0 0 2 19 5 0 1
OTU_1790 4 0 0 2 1 0 1 0 0 0 0 2 4 5 5 2 1 0 1 0 3 0 2
OTU_1792 0 1 2 4 1 0 3 1 1 0 2 3 0 0 0 1 1 3 0 2 0 2 4
OTU_1819 0 4 0 4 2 0 1 1 0 0 0 1 0 0 0 1 0 0 0 0 0 1 0
OTU_1821 3 0 0 0 0 0 1 0 0 0 0 8 0 3 3 3 0 1 1 3 2 1 1
OTU_1824 0 24 10 38 5 1 7 13 10 8 6 1 0 1 1 0 0 1 0 0 0 0 1
OTU_1827 0 0 1 0 0 0 0 1 8 10 13 0 0 0 0 0 0 0 0 0 0 0 0
OTU_1833 1 1 2 8 2 0 3 0 0 0 0 0 0 0 0 0 2 0 1 1 2 0 0
OTU_1841 1 0 0 2 3 0 3 6 33 12 78 1 0 0 0 0 0 0 0 2 2 4 2
OTU_1847 0 0 0 1 1 0 3 3 0 1 3 2 0 0 1 2 3 2 3 5 1 2 2
OTU_1870 8 1 2 12 3 0 12 6 0 7 0 6 2 6 1 11 4 2 1 1 2 6 0
OTU_1872 2 1 0 2 0 0 2 0 0 0 0 0 0 1 0 4 5 2 3 2 3 1 1
OTU_1873 10 0 1 11 1 2 4 6 0 0 2 11 4 6 8 22 14 25 19 25 8 13 7
OTU_1876 0 3 3 3 3 4 9 6 0 0 0 0 0 1 0 0 1 7 1 5 4 0 0
OTU_1879 2 2 2 5 0 0 0 0 0 0 1 0 0 0 0 0 3 4 1 0 0 1 0
OTU_1885 0 0 0 0 0 0 0 0 0 0 0 7 0 5 6 1 5 9 2 7 1 4 6
OTU_1887 1 0 0 0 0 0 0 0 0 0 0 5 0 3 5 1 2 5 3 12 6 5 1
OTU_1898 0 0 2 1 0 0 6 3 0 1 0 1 1 0 1 3 2 8 2 0 0 2 0
OTU_1900 2 0 1 1 0 0 0 0 1 0 0 4 0 0 2 2 3 4 2 1 0 2 0
OTU_1904 0 0 0 0 0 2 12 0 0 0 0 0 0 0 0 0 0 0 1 0 0 0 0
OTU_1909 0 0 0 0 0 1 0 1 14 6 2 0 0 0 0 0 0 0 0 0 0 0 0
OTU_1913 1 0 3 5 2 0 3 1 1 0 0 1 0 1 2 3 0 1 1 2 3 1 0
OTU_1914 1 0 3 5 5 1 4 2 0 0 0 2 0 0 0 0 1 1 2 0 0 1 0
OTU_1917 0 2 0 8 1 2 3 2 0 0 0 0 0 1 0 0 0 0 0 0 0 0 0
OTU_1918 0 2 0 1 2 2 1 0 0 0 0 0 0 0 0 0 0 0 0 0 1 0 0
OTU_1919 0 0 0 1 0 0 2 3 4 12 7 0 0 0 0 0 0 1 0 2 0 1 0
OTU_1922 0 9 7 8 0 0 0 0 0 0 0 0 0 0 0 0 2 0 0 0 0 0 0
OTU_1927 0 2 0 3 1 1 6 2 8 7 11 0 0 0 0 1 0 0 1 2 3 0 0
OTU_1931 1 0 2 8 0 0 5 6 4 3 5 12 1 10 6 33 118 172 146 118 45 10 6
OTU_1948 0 0 0 1 0 0 1 5 1 2 1 3 0 1 1 0 0 1 3 3 1 4 1
OTU_1959 1 1 1 2 1 0 0 1 0 3 3 0 0 0 1 0 1 0 1 1 0 1 2
OTU_1967 2 1 0 1 0 0 1 3 1 2 0 0 0 0 0 6 6 7 3 1 0 3 1
OTU_1970 0 1 1 0 1 0 3 2 0 1 8 1 1 0 0 0 1 1 1 2 1 2 2
OTU_1974 0 0 0 1 0 0 2 0 2 0 2 2 1 0 4 3 1 5 1 2 1 3 0
OTU_1980 0 0 0 0 0 0 1 0 0 0 1 2 1 0 2 5 5 5 2 0 0 2 1
OTU_1982 1 0 0 7 2 0 0 0 0 3 1 1 1 3 1 0 0 2 1 1 0 1 0
OTU_1995 2 0 0 0 0 0 1 1 0 0 0 4 1 4 3 3 0 1 0 0 0 3 2
OTU_2014 2 4 7 13 4 0 11 0 11 36 2 0 0 1 0 0 1 0 1 2 0 2 0
OTU_2021 0 1 3 2 2 1 0 0 4 1 2 0 0 0 0 0 0 0 0 0 0 0 0
OTU_2025 0 3 10 2 0 0 0 4 0 1 2 0 0 0 0 0 0 0 0 1 0 0 1
OTU_2026 0 3 3 7 0 0 0 0 0 0 2 0 0 0 0 0 0 0 0 0 0 0 0
OTU_2036 0 0 1 3 0 0 0 0 11 5 26 0 0 1 2 0 0 0 0 0 1 1 2
OTU_2043 1 2 1 8 4 0 6 4 0 4 7 6 3 13 6 1 12 6 2 2 1 7 1
OTU_2064 4 0 0 0 0 0 1 0 0 0 0 3 1 0 3 3 0 5 3 2 0 0 0
OTU_2067 4 2 2 4 0 0 1 1 0 0 0 5 2 3 3 6 4 5 2 8 3 9 2
OTU_2075 0 0 0 1 0 0 0 1 1 3 3 1 0 4 4 2 0 3 1 4 0 4 2
OTU_2084 1 0 1 4 1 0 0 1 2 0 2 0 1 1 0 1 1 0 0 3 0 0 2
OTU_2085 0 0 2 6 1 0 1 2 0 1 1 0 0 0 0 0 3 5 0 1 1 1 0
OTU_2087 1 1 0 6 1 3 12 4 0 0 0 2 0 0 2 4 2 2 1 0 0 1 0
OTU_2088 1 5 0 13 0 2 7 8 3 1 5 1 1 1 0 0 0 1 0 3 4 2 0
OTU_2098 1 0 1 4 2 0 2 2 0 0 0 0 0 0 0 0 2 1 0 0 0 2 3
OTU_2100 2 1 1 4 3 0 6 3 0 0 0 0 1 1 1 0 6 4 6 4 1 2 5
OTU_2102 1 0 0 0 0 0 0 0 1 0 0 3 2 2 1 8 4 6 4 0 0 2 1
OTU_2122 1 0 0 0 1 0 5 2 0 1 0 1 1 1 0 2 1 5 0 3 0 0 0
OTU_2129 2 3 0 4 1 0 2 0 0 1 0 8 3 1 4 0 1 2 0 0 0 3 2
OTU_2133 1 1 0 0 1 0 2 0 0 0 0 1 0 0 1 7 1 7 3 1 0 2 0
OTU_2135 0 0 1 2 3 0 3 2 0 0 2 1 1 0 1 0 0 0 1 2 0 0 0
OTU_2140 1 0 0 3 1 2 1 0 0 0 0 0 0 0 0 2 4 4 3 0 0 0 0
OTU_2142 0 0 0 1 0 1 4 0 0 0 0 0 1 1 0 2 1 1 3 2 0 6 2
OTU_2152 4 0 1 4 0 0 4 1 0 0 1 1 0 1 0 0 0 1 0 2 1 8 1
OTU_2153 2 0 0 2 0 1 9 3 1 1 0 0 0 0 0 0 0 2 0 1 0 0 0
OTU_2155 6 0 0 2 0 0 0 1 2 3 0 24 4 12 27 1 3 2 3 11 9 5 6
OTU_2167 2 0 1 2 0 0 2 2 0 0 0 0 0 0 1 2 2 4 3 3 0 0 0
OTU_2192 1 0 0 1 1 3 6 0 0 0 0 3 2 0 3 2 5 3 2 10 4 11 5
OTU_2199 0 0 2 1 0 0 10 1 0 1 0 4 2 1 5 0 6 8 6 7 3 7 3
OTU_2213 11 1 1 1 0 0 0 1 0 0 0 0 5 0 0 1 5 5 5 0 0 0 1
OTU_2217 2 2 1 5 2 0 4 3 1 0 0 2 1 2 1 1 1 2 3 1 2 3 3
OTU_2230 1 1 0 5 1 1 6 2 0 0 0 1 0 0 0 0 3 2 1 5 0 6 1
OTU_2240 3 0 0 2 0 1 0 1 0 0 1 1 0 0 3 2 0 0 0 0 2 0 0
OTU_2245 1 1 2 1 0 0 5 2 1 0 0 2 0 0 0 0 3 3 5 7 4 1 1
OTU_2258 0 0 1 1 0 0 0 1 15 8 27 3 1 0 0 0 1 1 2 1 0 0 0
OTU_2270 0 1 0 0 3 1 8 3 0 0 0 0 0 0 0 0 0 0 0 1 0 0 0
OTU_2287 0 1 0 4 0 1 6 2 0 0 0 0 0 0 0 0 1 2 0 3 1 2 0
OTU_2293 0 0 0 1 0 1 1 1 0 0 0 0 2 0 4 1 0 1 0 3 1 0 1
OTU_2300 2 1 0 0 3 1 12 4 0 2 0 3 0 0 2 1 8 1 8 2 0 8 1
OTU_2305 0 1 1 5 2 0 5 4 1 1 1 6 0 6 7 5 10 10 10 5 2 14 4
OTU_2308 2 0 0 0 0 0 1 0 0 0 0 6 2 5 2 3 1 2 1 0 0 1 0
OTU_2310 0 0 0 2 0 0 0 1 0 0 1 9 2 4 2 1 3 3 4 0 0 0 0
OTU_2313 0 0 0 0 0 0 0 1 18 6 3 2 0 1 1 2 4 3 6 1 1 1 2
OTU_2325 1 2 2 0 0 0 8 1 8 1 3 0 0 0 0 0 0 0 0 5 0 0 0
OTU_2333 0 0 0 1 0 2 1 0 2 3 0 1 0 2 1 3 2 1 0 0 0 0 3
OTU_2340 1 1 0 4 0 1 4 1 0 5 4 6 3 2 0 0 2 2 1 2 0 2 1
OTU_2342 0 0 0 1 2 0 2 0 3 2 0 0 0 0 1 0 2 2 3 2 1 4 1
OTU_2350 0 1 0 2 0 0 2 2 1 0 1 15 3 2 15 1 0 10 0 2 1 1 1
OTU_2360 0 2 1 5 0 0 11 2 0 1 0 0 0 1 2 0 4 14 3 10 1 5 2
OTU_2373 0 5 4 12 1 0 6 5 0 0 1 0 0 0 0 1 0 0 0 0 0 1 0
OTU_2384 4 0 0 11 4 0 11 7 3 0 0 6 2 4 9 2 7 10 6 19 10 15 6
OTU_2385 2 1 1 4 1 3 7 4 1 1 0 0 1 1 3 2 2 1 1 4 2 11 1
OTU_2392 1 1 0 5 2 0 2 0 0 2 2 5 1 2 2 0 1 2 2 1 0 2 0
OTU_2397 0 0 1 0 0 0 1 0 29 28 58 0 0 0 0 0 0 0 0 0 0 0 0
OTU_2422 0 0 0 0 0 1 2 1 0 0 1 8 2 1 10 12 4 9 14 0 0 0 1
OTU_2423 2 1 0 1 0 0 0 0 0 0 0 1 0 1 0 3 20 0 9 0 0 0 1
OTU_2446 0 0 0 1 0 0 1 1 0 0 1 10 4 8 8 4 3 0 0 2 0 1 4
OTU_2518 6 0 0 4 0 0 0 0 0 0 0 1 3 0 2 13 8 4 0 1 1 1 1
OTU_2522 1 2 1 1 3 3 5 6 0 1 1 0 0 1 1 0 2 2 1 0 0 0 1
OTU_2534 0 0 1 0 0 0 0 0 8 8 12 1 1 0 0 0 0 0 0 1 0 0 0
OTU_2542 1 2 1 5 0 1 7 2 1 1 2 0 0 0 0 1 0 0 0 1 0 0 0
OTU_2556 2 0 0 2 0 0 2 2 0 0 1 6 0 1 1 0 2 2 2 2 1 1 0
OTU_2576 1 2 0 8 0 0 4 0 0 0 0 0 1 0 0 0 1 1 0 0 1 1 1
OTU_2668 1 0 0 2 0 0 2 1 1 0 0 6 1 2 2 0 2 6 0 0 1 1 1
OTU_2669 2 2 2 4 0 1 0 0 0 2 0 0 0 0 0 0 0 0 0 0 1 0 1
OTU_2703 2 1 0 4 0 0 5 3 3 1 4 3 1 2 1 3 0 2 3 1 0 5 2
OTU_2705 1 0 2 5 2 0 4 2 114 277 67 3 0 2 0 2 0 4 1 8 3 5 2
OTU_2718 5 1 0 0 0 0 1 0 0 0 0 19 12 9 17 0 2 1 2 0 0 1 2
OTU_2731 0 2 4 3 6 2 29 21 29 24 43 0 1 0 1 0 0 0 1 0 0 0 0
OTU_2733 0 1 2 2 0 0 0 1 3 3 3 0 0 1 0 0 1 0 2 1 0 2 0
OTU_2742 2 2 1 2 0 0 4 1 3 5 2 0 0 0 1 0 1 0 2 0 0 1 1
OTU_2760 0 0 1 2 0 0 4 4 0 1 3 1 2 1 1 1 4 2 1 0 0 2 0
OTU_2813 0 1 0 0 0 0 2 3 1 1 1 4 3 2 4 21 10 14 12 4 5 1 1
OTU_2844 2 1 1 2 0 0 2 0 2 0 0 4 0 2 2 2 2 3 0 1 0 1 0
OTU_2853 2 0 0 1 0 1 5 1 0 0 0 1 0 2 1 6 3 0 2 0 0 1 0
OTU_2866 0 0 0 0 0 0 0 0 0 0 0 7 1 0 7 8 3 4 4 0 0 1 1
OTU_2876 4 0 1 0 0 0 0 1 0 0 2 0 1 2 4 2 0 1 0 2 0 0 0
OTU_2880 8 1 0 6 1 1 8 2 0 0 2 26 11 11 10 39 8 10 14 16 6 3 4
OTU_2950 0 1 1 0 0 0 0 0 7 11 23 0 0 0 1 0 0 0 0 0 0 0 0
OTU_2957 0 0 0 6 3 4 14 15 23 2 2 1 0 1 1 1 0 0 0 5 1 2 3
OTU_2959 0 0 0 0 0 0 0 0 54 1 12 0 0 0 0 0 0 0 0 0 0 0 0
OTU_2967 1 1 1 4 3 1 0 0 1 2 0 1 0 0 1 17 3 13 3 11 49 12 5
OTU_2978 5 10 9 37 7 5 46 27 2 2 1 10 3 4 5 4 9 7 5 24 6 20 13
OTU_2991 0 0 0 11 0 1 2 0 0 0 1 1 0 4 3 0 0 0 2 1 0 0 0
OTU_2994 0 1 2 7 0 0 5 1 0 0 1 5 0 0 1 5 4 1 1 2 1 2 2
OTU_2997 0 0 0 1 1 0 0 0 0 0 1 3 1 1 1 1 0 2 0 4 3 4 2
OTU_3038 1 0 1 1 2 0 0 4 1 1 1 1 0 2 2 1 1 2 3 4 0 0 0
OTU_3040 2 0 0 5 0 0 0 1 0 3 2 32 10 30 44 4 23 17 12 17 15 8 0
OTU_3059 0 0 1 2 0 0 1 0 0 0 0 1 2 2 0 6 1 4 1 1 2 6 1
OTU_3073 16 0 0 1 0 0 0 0 0 0 0 1 0 2 1 0 0 2 2 1 0 4 2
OTU_3080 4 1 5 2 3 0 5 1 0 0 0 0 0 0 0 3 0 3 1 0 0 3 0
OTU_3116 1 0 0 0 1 0 0 5 0 1 0 1 3 3 4 1 0 0 1 2 0 1 2
OTU_3118 1 1 0 5 1 1 2 1 0 0 0 0 0 0 1 1 0 0 1 2 0 1 0
OTU_3133 0 0 0 1 1 2 7 5 0 0 0 0 0 1 2 5 1 6 1 0 0 1 1
OTU_3163 6 0 2 4 3 0 20 8 1 2 8 8 2 4 11 18 18 24 16 7 2 17 8
OTU_3165 1 0 0 5 0 0 13 3 0 1 0 0 1 0 1 1 3 3 1 1 0 0 0
OTU_3185 0 0 0 0 0 0 0 0 0 1 2 5 1 2 5 3 0 11 0 0 3 14 4
OTU_3198 0 1 5 4 3 4 12 7 3 5 1 1 0 1 0 3 4 5 1 1 2 5 0
OTU_3231 0 1 2 2 0 1 4 3 0 2 0 0 0 0 0 0 0 0 0 1 3 3 1
OTU_3260 0 0 0 2 1 2 1 3 0 0 1 0 1 0 1 0 5 0 1 1 0 0 0
OTU_3267 0 1 4 8 0 1 0 0 1 0 0 0 0 0 1 0 0 0 0 0 0 0 0
OTU_3273 0 4 4 4 1 0 1 10 0 1 0 1 0 1 2 0 0 0 1 1 0 2 0
OTU_3277 0 3 1 17 5 1 11 3 0 0 0 0 0 0 1 0 0 0 0 3 0 2 1
OTU_3281 0 1 0 1 0 2 1 3 5 4 6 0 0 0 0 0 0 1 0 2 0 1 0
OTU_3312 0 0 0 2 1 0 1 0 25 21 50 0 0 0 0 0 0 0 0 0 0 0 0
OTU_3315 1 1 0 4 0 0 1 0 0 0 1 5 1 1 4 2 0 2 2 0 0 1 0
OTU_3382 1 0 1 0 0 0 0 0 0 0 0 3 1 4 5 1 0 0 2 0 0 0 2
OTU_3396 0 0 1 0 0 0 0 0 0 1 0 6 3 3 4 0 11 8 7 2 0 2 1
OTU_3454 6 3 4 26 4 6 25 32 5 3 5 5 1 4 7 7 18 14 7 68 23 78 34
OTU_3462 0 4 0 0 0 1 3 0 0 0 0 0 2 0 1 0 0 1 0 0 0 0 0
OTU_3493 0 0 3 0 0 0 2 0 1 2 1 1 0 0 0 0 1 1 1 9 1 2 0
OTU_3494 2 0 0 0 0 0 0 0 0 0 0 3 1 1 2 4 0 3 3 2 1 5 1
OTU_3497 0 0 1 3 0 1 3 2 0 0 1 0 0 0 1 0 0 4 0 0 4 1 0
OTU_3499 0 1 1 4 1 0 3 1 0 0 1 0 0 0 0 0 3 0 1 0 3 1 0
OTU_3556 2 6 4 19 3 2 3 3 5 6 8 0 0 0 1 0 3 0 0 0 1 7 0
OTU_3558 0 2 3 7 1 0 3 0 0 0 0 0 0 0 0 0 2 0 1 0 0 0 0
OTU_3577 0 1 0 0 1 1 1 1 29 34 70 1 0 2 1 0 0 0 0 0 1 0 0
OTU_3586 9 3 5 20 3 0 20 6 1 1 0 8 3 6 15 1 9 15 10 49 39 31 13
OTU_3600 0 3 2 11 0 0 5 4 31 59 52 0 0 1 1 0 0 0 0 1 0 2 0
OTU_3608 0 2 4 14 0 0 3 2 0 0 0 0 0 0 1 1 1 0 0 1 0 0 0
OTU_3648 0 0 1 2 4 1 5 3 1 0 1 0 0 0 1 0 0 1 0 6 0 2 1
OTU_3650 0 0 0 1 0 3 3 6 1 0 0 0 0 0 0 0 0 0 0 0 0 0 0
OTU_3671 5 0 0 1 0 1 0 0 0 1 0 3 0 5 3 2 0 1 0 1 0 0 1
OTU_3730 2 0 0 1 0 0 2 1 10 2 1 5 3 1 5 0 2 0 2 0 3 4 0
OTU_3744 1 1 1 5 0 0 11 7 1 1 0 0 0 3 1 7 13 7 6 3 3 4 2
OTU_3759 0 2 0 0 0 0 4 0 0 1 0 1 1 0 0 6 2 6 1 2 0 2 2
OTU_3796 2 0 0 1 0 0 3 0 0 0 2 1 0 3 1 6 2 1 2 7 1 2 0
OTU_3808 1 0 0 3 0 0 1 1 0 0 2 5 1 3 4 2 0 4 1 2 0 1 2
OTU_3828 1 0 2 10 4 2 5 8 0 3 1 1 0 0 1 0 6 0 4 13 4 13 5
OTU_3831 0 0 0 1 1 1 1 0 0 0 0 1 0 0 0 3 2 17 6 4 0 0 1
OTU_3909 2 2 5 4 4 2 4 8 0 0 1 17 3 4 18 0 8 9 4 3 6 21 3
OTU_3923 0 3 0 11 3 0 1 0 4 2 1 2 1 1 4 0 10 1 2 2 0 2 0
OTU_3930 1 0 0 1 0 0 0 0 1 1 2 4 4 1 4 1 7 8 10 3 0 1 0
OTU_3938 5 2 1 6 1 0 0 0 0 0 0 0 0 0 0 0 1 0 1 0 0 2 0
OTU_3962 2 3 1 7 0 0 2 1 0 0 0 1 0 1 1 1 0 0 0 3 1 0 0
OTU_4010 0 0 0 0 0 0 1 0 34 22 29 0 0 1 1 1 0 0 0 0 0 0 0
OTU_4063 3 0 1 5 1 0 0 1 0 1 0 2 1 0 4 0 0 0 0 0 0 1 0
OTU_4095 0 4 2 4 1 0 3 3 1 0 0 0 0 0 0 0 1 0 0 0 0 0 0
OTU_4101 1 6 2 15 8 0 39 29 0 1 2 0 0 0 1 0 1 0 0 2 0 10 2
OTU_4124 8 7 8 24 5 5 36 17 0 6 19 9 2 4 7 2 24 7 10 5 6 10 2
OTU_4149 0 3 1 1 0 0 1 0 17 16 49 0 0 0 0 0 0 0 2 0 0 1 0
OTU_4177 0 0 0 4 4 0 12 4 0 0 1 0 0 0 1 2 3 0 0 5 1 2 0
OTU_4189 2 1 0 2 1 0 0 1 24 2 16 0 0 0 0 0 0 0 0 2 0 2 1
OTU_4193 0 0 0 0 0 0 0 0 18 15 7 0 0 0 0 0 0 0 0 0 0 0 0
OTU_4245 1 0 0 2 1 0 1 0 0 0 0 13 1 4 4 2 1 1 0 3 1 3 0
OTU_4254 13 1 2 7 1 0 7 5 2 3 7 56 17 37 67 57 29 38 28 36 17 32 26
OTU_4263 0 0 0 0 1 0 2 1 0 0 0 1 3 2 4 5 3 4 4 0 1 1 2
OTU_4279 0 0 1 9 1 0 2 0 1 0 0 0 0 1 0 1 3 3 3 0 0 0 1
OTU_4322 0 1 0 1 0 0 1 0 0 0 1 9 3 8 6 0 0 0 1 2 0 0 0
OTU_4446 0 0 0 0 1 0 0 0 0 2 2 10 3 9 7 10 6 41 11 5 1 25 3
OTU_4449 0 0 0 0 0 0 0 0 0 0 0 14 8 12 9 2 1 2 1 0 0 0 0
OTU_4540 2 0 1 0 0 0 1 3 1 0 0 1 2 0 4 3 6 4 2 5 2 3 1
OTU_4542 1 0 0 9 2 1 10 8 2 2 1 1 0 0 1 4 4 9 2 13 14 8 2
OTU_4555 2 0 0 0 0 0 0 1 0 0 0 7 3 3 7 4 1 2 5 4 1 10 1
OTU_4580 2 0 0 1 0 0 0 0 0 0 1 8 2 6 9 2 1 2 0 1 0 5 1
OTU_4631 0 0 0 5 2 2 1 1 0 1 3 0 0 0 0 0 0 0 0 0 0 0 0
OTU_4639 0 0 0 1 4 0 3 2 0 0 0 1 1 0 0 0 0 0 1 2 2 3 0
OTU_4642 0 2 0 5 3 0 5 1 0 0 1 1 0 0 0 0 0 1 1 2 0 0 0
OTU_4725 0 1 0 0 1 0 0 0 1 0 0 2 0 0 3 0 5 5 8 0 0 4 0
OTU_4780 0 0 0 2 0 0 1 3 3 0 3 1 0 1 2 3 1 1 1 5 4 6 0
OTU_4807 1 5 3 0 0 0 0 0 1 0 0 3 2 1 0 1 0 0 1 1 1 2 0
OTU_4823 0 1 1 9 7 0 11 0 0 1 0 0 1 0 0 1 0 0 0 1 0 2 0
OTU_4842 8 8 10 21 6 3 37 9 2 0 1 1 1 0 0 0 3 3 6 4 1 2 0
OTU_4872 0 0 0 0 0 0 0 0 11 11 12 0 0 0 2 0 0 0 0 0 0 1 0
OTU_4873 2 0 1 5 0 1 4 1 1 1 1 3 2 4 8 1 5 5 4 13 3 6 2
OTU_4911 0 0 0 0 4 0 0 14 0 1 3 0 0 0 0 0 0 0 2 0 0 0 1
OTU_4976 2 2 0 10 3 1 6 7 1 1 0 3 2 1 6 2 6 8 5 12 3 9 5
OTU_5001 2 3 3 9 2 3 1 3 5 3 4 0 0 0 0 7 6 11 1 1 0 1 0
OTU_5012 0 0 2 1 1 0 4 2 8 8 1 0 0 0 0 0 0 0 0 0 0 0 0
OTU_5045 0 0 0 1 1 0 0 0 1 1 0 24 7 14 23 4 0 6 0 2 0 5 1
OTU_5128 3 1 0 1 1 0 0 0 1 1 1 25 8 14 20 18 5 21 17 11 2 7 1
OTU_5131 1 0 0 0 0 0 1 0 0 0 0 6 2 9 4 6 0 0 2 0 0 3 0
OTU_5148 1 0 0 0 0 0 1 1 1 0 0 2 1 3 3 4 4 4 3 1 0 1 0
OTU_5161 3 0 0 0 0 0 0 0 0 0 1 0 2 2 1 0 0 2 2 1 2 12 3
OTU_5169 0 0 3 0 1 1 2 0 1 0 1 2 1 2 2 1 3 2 2 3 3 18 8
OTU_5311 7 0 2 4 0 1 18 7 2 5 0 18 5 4 10 11 7 8 13 92 36 70 29
OTU_5344 5 0 1 7 0 0 1 2 0 0 1 2 0 3 2 0 1 1 2 2 0 3 0
OTU_5348 0 0 0 0 0 1 0 0 0 0 1 2 3 4 5 1 0 3 7 1 2 2 0
OTU_5350 2 0 0 0 1 0 0 0 1 0 0 5 3 1 5 0 0 1 5 12 4 9 1
OTU_5390 0 0 0 0 0 0 0 0 0 0 0 3 1 1 0 21 1 4 0 0 0 1 0
OTU_5458 2 0 0 0 0 0 5 3 0 0 0 4 0 3 2 0 1 8 2 2 1 11 3
OTU_5475 1 0 0 0 1 0 4 0 1 2 2 2 1 6 2 2 2 2 1 3 2 5 1
OTU_5511 0 0 1 5 0 1 8 4 0 0 0 3 0 2 1 1 6 2 1 2 1 0 1
OTU_5517 3 0 1 3 0 0 3 2 1 0 0 9 3 1 1 4 3 6 1 2 1 4 1
OTU_5571 0 0 0 2 0 0 8 2 1 0 1 1 0 0 3 0 8 0 2 9 0 10 8
OTU_5593 7 1 0 1 0 0 2 1 0 3 0 6 1 2 0 20 14 16 14 6 3 4 5
OTU_5614 3 7 8 15 6 1 14 7 8 2 11 4 1 3 3 4 3 5 4 2 3 1 3
OTU_5651 2 2 2 4 1 0 3 7 0 0 2 7 5 2 2 4 4 3 5 6 1 2 3
OTU_5704 0 0 0 0 0 0 0 0 1 0 2 13 15 12 20 14 5 3 3 2 0 5 5
OTU_5731 1 0 1 2 1 0 11 6 0 0 1 0 0 0 0 0 2 1 1 1 0 7 0
OTU_5739 1 2 1 2 0 0 1 6 1 0 0 1 0 1 0 4 2 1 3 0 0 2 2
OTU_5753 0 0 1 4 10 0 3 2 43 39 38 1 0 0 0 0 0 0 0 2 1 3 4
OTU_5755 1 3 3 20 17 5 32 35 0 1 0 2 1 0 2 0 2 0 3 27 1 25 12
OTU_5793 0 0 0 0 0 0 0 0 14 1 29 0 0 0 0 0 0 0 0 2 1 1 0
OTU_5796 0 1 0 1 2 0 3 0 29 13 11 2 0 0 0 0 1 0 2 1 1 4 0
OTU_5804 0 0 0 0 0 0 1 1 19 12 36 0 0 0 1 0 0 1 0 1 0 0 0
OTU_5806 2 1 3 8 5 1 7 2 33 5 37 0 0 0 1 1 0 0 2 3 0 0 1
OTU_5808 0 1 1 2 1 0 1 0 128 101 18 0 0 0 1 0 0 2 2 2 0 10 1
OTU_5810 0 0 2 5 2 0 0 2 32 71 55 0 0 0 2 1 2 0 2 3 0 7 2
OTU_5839 14 2 4 12 0 1 17 2 0 0 2 6 2 3 1 2 4 1 5 2 1 0 1
OTU_5941 2 0 0 0 0 0 3 1 1 1 1 3 4 4 6 3 0 5 2 0 0 1 1
OTU_5963 0 0 1 1 7 2 4 4 1 13 2 0 0 0 1 0 0 1 0 0 0 0 0
OTU_5966 15 16 8 44 11 5 61 34 0 3 4 5 1 1 2 2 15 4 8 20 7 17 7
OTU_5987 0 0 1 2 1 1 2 7 0 0 0 0 1 0 0 0 1 0 0 4 0 5 0
OTU_5988 0 1 2 8 3 0 28 18 1 0 0 0 0 0 0 0 1 0 0 3 4 7 1
OTU_5994 1 0 0 0 0 0 1 1 0 0 1 1 1 0 6 3 5 0 0 4 2 4 1
OTU_6019 0 0 0 0 0 0 0 0 1 0 2 24 0 17 31 1 1 1 0 2 0 4 0
OTU_6031 0 0 0 0 0 0 0 0 12 18 23 0 0 0 0 0 0 0 0 0 0 0 1
OTU_6050 2 0 1 2 2 0 2 3 0 0 1 3 1 2 4 1 0 0 0 1 0 0 0
OTU_6058 3 0 0 3 0 0 2 0 0 0 0 12 3 5 11 1 0 2 7 1 1 0 1
OTU_6104 0 1 0 8 1 4 19 5 1 0 0 0 0 0 0 0 0 0 1 0 0 0 0
OTU_6111 0 1 0 8 2 1 2 1 0 0 0 0 0 0 0 0 0 0 0 0 0 1 0
OTU_6156 0 1 1 1 1 1 2 2 0 0 0 1 1 0 2 1 0 0 0 0 0 0 0
OTU_6175 1 1 1 1 3 0 16 9 0 0 1 0 0 0 1 0 4 12 1 4 0 4 2
OTU_6193 0 1 0 0 1 2 4 3 6 8 2 0 0 0 0 0 0 0 1 0 0 1 0
OTU_6205 4 1 4 11 4 1 16 5 6 17 12 0 1 2 3 2 11 0 3 29 8 5 1
OTU_6228 8 0 2 8 0 0 6 2 3 1 0 24 7 10 20 8 5 16 32 11 5 31 16
OTU_6268 0 1 1 3 1 1 3 1 4 41 94 1 0 0 1 1 3 5 6 4 3 0 2
OTU_6275 4 0 3 3 1 0 4 5 3 7 2 7 3 4 8 17 15 37 13 21 9 41 13
OTU_6276 0 0 1 2 0 0 0 0 40 30 66 0 0 0 0 0 0 0 0 1 0 2 0
OTU_6280 3 0 0 3 0 0 0 1 0 2 1 7 2 6 12 8 5 5 4 7 5 9 3
OTU_6322 4 3 1 4 4 0 7 5 1 1 0 0 0 0 0 5 6 1 5 7 7 3 3
OTU_6394 0 1 0 2 0 0 3 7 1 2 2 3 0 2 2 8 13 19 6 12 6 10 3
OTU_6400 1 0 0 6 0 0 5 2 0 0 1 3 1 1 3 0 1 2 0 1 1 0 1
OTU_6433 6 0 2 9 3 3 23 21 2 0 3 7 6 4 4 7 10 3 10 24 12 6 2
OTU_6507 1 1 0 2 0 1 1 1 1 1 3 28 15 26 37 25 2 35 9 0 1 13 3
OTU_6600 3 30 26 53 4 4 34 20 1 6 1 0 0 0 3 0 1 3 0 0 0 1 0
OTU_6645 1 0 1 0 0 0 1 2 1 1 2 3 0 0 3 4 6 1 0 25 4 6 5
OTU_6690 6 7 5 25 0 2 8 4 1 1 1 17 2 4 10 0 37 26 46 4 3 24 10
OTU_6708 1 0 0 4 2 0 3 0 0 1 0 1 0 1 1 3 1 2 3 1 0 0 0
OTU_6719 0 0 0 0 0 0 0 0 0 1 0 9 4 2 18 6 0 1 0 0 0 0 0
OTU_6737 0 2 1 3 2 0 4 1 0 0 0 4 1 1 0 0 0 0 0 1 0 3 1
OTU_6750 5 4 0 5 1 1 3 0 1 4 2 2 2 2 6 7 24 18 31 8 1 27 6
OTU_6870 1 0 0 1 2 0 4 2 0 0 0 2 2 5 13 0 14 9 7 2 0 5 2
OTU_6897 0 0 0 1 0 0 0 0 0 0 1 15 7 9 20 6 0 9 1 1 0 8 3
OTU_6900 2 1 0 2 1 1 2 2 2 0 2 5 0 0 1 3 7 6 4 2 1 3 1
OTU_6943 1 0 0 2 0 0 1 1 0 0 1 1 0 2 2 2 5 1 8 3 1 0 0
OTU_6973 2 2 0 2 0 0 7 5 1 1 0 5 1 0 6 3 5 12 5 12 7 8 0
OTU_7014 4 1 0 3 1 0 1 2 1 2 2 30 20 23 36 3 3 16 2 2 0 19 4
OTU_7040 0 0 0 0 0 0 0 1 0 0 0 3 1 0 3 2 7 2 6 6 5 19 5
OTU_7050 0 1 1 1 0 0 1 1 1 0 1 1 1 1 4 1 1 0 3 1 1 1 1
OTU_7058 1 0 0 0 0 0 1 0 0 0 0 6 4 3 15 0 0 0 0 0 2 2 0
OTU_7088 0 1 0 0 1 0 2 1 1 0 0 0 0 0 0 0 0 3 0 7 2 6 3
OTU_7089 1 0 0 2 0 0 3 0 0 0 0 21 10 12 25 2 0 6 2 3 4 11 4
OTU_7092 0 0 0 1 0 0 2 0 1 0 2 4 2 0 2 4 0 1 2 3 1 8 3
OTU_7188 0 0 0 0 0 0 0 0 0 1 1 2 2 2 9 1 0 2 0 0 1 4 1
OTU_7243 4 0 0 1 0 0 3 2 0 0 0 1 1 0 0 4 2 8 7 0 0 1 2
OTU_7295 0 0 0 3 2 2 3 6 3 4 6 1 0 0 0 1 0 1 0 3 0 5 1
OTU_7330 0 1 0 0 2 0 7 2 0 0 0 0 0 0 0 2 0 0 0 2 0 3 2
OTU_7332 0 0 1 2 0 0 3 1 1 0 1 0 1 1 4 0 8 13 4 5 4 7 1
OTU_7403 0 0 0 2 0 1 3 2 1 1 0 0 3 2 2 0 0 3 1 2 0 1 0
OTU_7427 0 0 0 1 0 0 2 0 1 0 0 1 0 4 3 2 1 1 2 5 0 0 3
OTU_7444 0 0 0 1 0 0 4 0 1 1 1 0 0 0 3 2 0 0 0 7 2 4 4
OTU_7471 0 0 0 1 0 0 0 0 0 0 0 2 0 1 2 5 6 10 8 1 0 0 0
OTU_7531 2 1 1 4 0 0 0 0 1 0 0 3 0 1 0 2 1 0 1 2 0 4 0
OTU_7549 0 1 0 1 2 0 3 3 1 2 1 4 3 3 6 1 34 24 25 40 12 39 7
