SAMPLE.745.GA5.60 SAMPLE.747.GA6.60 SAMPLE.749.GA7.60 SAMPLE.751.GA8.60 SAMPLE.753.GP.5.60 SAMPLE.755.GP.6.60 SAMPLE.757.GP.7.60 SAMPLE.759.GP.8.60 SAMPLE.761.GF.II.5.60 SAMPLE.763.GF.II6.60 SAMPLE.765.GF.II.7.60 SAMPLE.841.MA5.60 SAMPLE.843.MA6.60 SAMPLE.845.MA7.60 SAMPLE.847.MA8.60 SAMPLE.849.MP.5.60 SAMPLE.851.MP.6.60 SAMPLE.853.MP.7.60 SAMPLE.855.MP.8.60 SAMPLE.857.MF.II.5.60 SAMPLE.859.MF.II6.60 SAMPLE.861.MF.II.7.60 SAMPLE.863.MF.II.8.60
OTU_1 19 6 6 26 21 13 13 12 1924 39 1470 23 5 30 36 20 9 20 26 36 36 51 21
OTU_2 16 20 15 37 801 87 459 142 5 16 24 27 15 20 65 31 62 21 43 617 275 831 508
OTU_3 2 2 0 8 8 5 14 97 6 10 10 69 20 18 430 196 386 226 669 5 3 10 7
OTU_4 4 7 2 5 6 6 1 4 27 1743 11 10 2 9 10 5 5 5 4 9 5 15 4
OTU_5 5 0 1 4 6 4 5 10 1 6 6 10 2 4 7 6 4 7 3 746 4 11 879
OTU_6 7 1 3 9 7 2 2 9 6 4 9 7 1 14 8 3 7 13 6 8 15 1549 5
OTU_7 99 237 174 355 7 5 23 6 2 3 3 16 0 176 10 5 5 2 44 8 9 13 3
OTU_8 19 36 24 74 95 37 73 26 1 7 5 18 2 18 19 20 9 20 13 223 215 212 54
OTU_9 0 3 3 7 4 1 1 4 4 736 9 8 0 3 5 4 2 7 5 3 5 4 2
OTU_10 6 58 54 218 73 70 170 99 1 1 6 4 3 5 2 4 77 20 33 20 11 7 4
OTU_11 2 5 2 4 5 2 0 4 2 3 7 2 106 4 4 5 1 3 2 7 0 5 3
OTU_12 102 13 18 56 48 10 52 13 2 5 0 7 0 4 5 14 25 30 9 2 4 1 2
OTU_13 0 0 1 3 3 0 3 1 2 2 1 8 171 195 6 2 1 9 1 5 2 7 11
OTU_14 20 3 3 11 5 4 2 2 0 3 0 74 23 28 58 220 93 66 145 6 1 4 4
OTU_15 5 1 3 7 49 0 4 4 97 140 296 1 1 2 2 1 2 3 2 1 3 3 3
OTU_16 1 0 3 2 3 0 2 2 14 652 24 5 0 2 1 2 3 3 4 3 0 1 4
OTU_17 1 0 3 3 0 1 1 1 2 5 1 3 0 2 2 1 0 2 3 48 5 3 0
OTU_18 5 1 1 4 0 3 0 0 2 165 3 3 0 2 5 1 0 2 1 14 4 142 3
OTU_19 1 0 0 0 0 2 0 0 0 1 0 0 0 3 18 4 2 3 1 32 93 50 94
OTU_20 3 1 3 1 7 8 7 14 0 0 4 8 4 10 16 11 528 3 76 4 2 0 5
OTU_21 3 1 0 2 0 2 0 0 1 0 3 0 2 1 22 1 1 2 3 118 13 43 161
OTU_22 0 1 0 1 2 1 1 2 1 551 3 3 1 1 2 0 2 2 2 1 3 2 2
OTU_23 3 0 1 3 3 2 2 1 0 2 2 0 0 2 2 1 2 1 505 1 0 3 3
OTU_24 1 3 0 0 2 0 0 0 14 4 43 0 2 0 3 1 0 3 1 4 0 2 0
OTU_25 2 15 8 21 37 6 63 17 2 2 2 3 2 0 2 0 14 2 16 9 0 9 0
OTU_26 1 0 0 13 1 18 1 2 0 1 0 0 2 1 0 1 1 1 0 182 0 1 1
OTU_27 2 2 0 2 0 0 1 2 2 2 1 3 0 1 4 1 2 1 412 1 0 3 3
OTU_28 3 1 2 2 1 1 1 0 0 1 1 56 20 42 55 9 8 26 9 0 5 3 1
OTU_29 0 1 1 5 12 8 28 32 0 2 0 0 0 0 0 0 104 1 58 1 0 2 0
OTU_30 0 1 0 0 0 1 1 0 115 5 1 0 1 2 2 1 1 2 1 1 2 1 2
OTU_31 1 0 0 2 1 1 3 11 130 1 10 5 0 0 2 0 2 0 1 2 2 1 2
OTU_32 2 1 1 0 1 1 0 1 2 2 0 1 55 135 63 1 1 1 0 2 1 3 2
OTU_33 1 1 0 1 3 1 2 4 1 4 0 2 1 2 1 4 0 4 0 501 1 1 1
OTU_34 0 0 0 3 2 0 0 0 2 2 1 1 0 1 9 1 0 1 3 68 29 110 68
OTU_35 4 2 2 23 2 33 181 62 0 3 1 2 0 1 1 1 0 1 1 4 1 2 4
OTU_36 2 0 1 2 1 0 0 1 2 3 3 1 0 2 0 5 0 1 0 166 213 74 5
OTU_37 5 5 4 9 7 1 9 7 1 0 3 13 9 14 19 16 20 15 13 13 9 17 4
OTU_38 0 0 1 1 0 1 0 1 0 2 0 1 1 1 0 82 1 99 7 2 1 2 0
OTU_39 0 0 0 0 3 0 1 0 0 3 0 0 1 3 1 1 0 3 0 6 17 154 8
OTU_40 0 0 0 1 1 0 0 0 1 0 1 0 0 1 1 0 1 1 1 67 2 0 1
OTU_41 1 0 0 2 1 0 2 2 0 1 0 0 0 1 1 0 1 1 0 165 20 3 49
OTU_42 1 0 0 2 0 0 0 1 1 174 47 0 0 0 1 2 0 4 0 2 1 0 2
OTU_43 0 1 0 3 2 0 0 2 1 2 2 2 1 4 2 1 1 1 2 115 2 1 1
OTU_44 0 0 0 0 0 0 0 0 1 2 2 0 1 0 0 478 0 1 0 0 0 2 1
OTU_45 0 0 1 0 0 1 0 0 74 0 2 3 0 1 0 0 0 2 1 1 1 0 0
OTU_46 0 1 1 1 3 1 0 5 4 0 1 2 7 3 10 1 102 112 45 1 4 0 5
OTU_47 92 1 0 1 1 0 0 0 3 0 2 37 1 48 1 0 1 1 0 2 1 1 2
OTU_48 3 14 16 36 29 8 38 9 1 1 0 1 0 0 2 0 0 0 0 0 0 0 2
OTU_49 2 15 23 27 60 6 6 9 0 0 2 0 0 1 1 0 1 0 0 0 1 0 0
OTU_50 6 26 16 64 1 0 1 0 1 1 2 4 6 2 2 2 2 2 0 1 0 2 0
OTU_51 0 0 0 0 0 1 0 0 0 0 1 2 1 0 0 1 118 69 35 2 1 0 0
OTU_52 1 0 0 2 0 0 0 0 0 2 0 33 9 20 17 7 19 1 10 0 1 1 2
OTU_53 1 0 1 0 2 0 0 1 0 1 0 5 0 4 4 0 0 0 0 0 0 3 0
OTU_54 5 0 0 0 11 1 26 0 2 0 0 5 1 0 3 5 145 6 3 0 0 1 2
OTU_55 1 5 0 441 0 0 0 0 1 0 1 0 1 0 1 1 2 2 0 2 0 1 1
OTU_56 5 13 12 7 1 0 1 0 0 0 0 19 11 9 48 3 2 33 21 1 0 1 0
OTU_57 73 2 1 71 0 1 1 0 0 0 1 1 0 1 0 0 0 0 0 1 1 1 1
OTU_58 2 0 0 12 43 0 0 0 0 0 0 2 0 5 1 27 30 43 87 3 17 2 1
OTU_59 8 0 1 0 0 0 0 0 2 0 0 37 10 18 30 0 0 0 5 10 0 1 2
OTU_60 2 1 0 0 2 1 0 0 0 0 0 5 7 323 13 1 0 1 0 2 0 1 1
OTU_61 21 1 0 6 2 0 0 1 0 1 1 24 14 6 29 8 33 28 9 0 1 1 2
OTU_62 2 4 1 8 20 1 29 27 0 0 0 0 0 0 3 1 0 0 22 3 1 2 1
OTU_63 0 1 0 0 1 0 0 1 0 0 1 0 1 1 0 0 166 14 35 1 1 0 1
OTU_64 1 0 0 1 0 0 0 0 1 0 2 9 3 6 6 12 29 38 44 3 7 5 2
OTU_65 3 0 0 1 0 0 0 0 0 1 1 23 0 5 6 1 0 1 0 1 0 1 2
OTU_66 2 1 2 12 1 0 1 1 1 1 1 1 0 1 2 87 12 19 4 0 0 0 1
OTU_67 0 0 0 3 0 1 1 1 1 0 1 3 0 0 3 0 1 0 1 22 56 96 4
OTU_68 0 0 0 0 1 0 1 1 0 0 0 0 1 2 2 1 0 1 0 3 7 98 3
OTU_69 0 0 0 1 1 0 2 0 0 1 0 0 1 0 1 0 1 1 0 75 50 0 6
OTU_70 1 0 0 379 0 1 4 0 0 0 1 2 1 4 1 0 1 1 0 1 0 0 0
OTU_71 1 0 0 1 0 1 2 1 0 1 0 16 13 7 19 17 8 17 2 1 0 1 0
OTU_72 0 1 0 3 0 0 2 0 0 0 0 1 0 0 0 0 0 237 0 0 3 1 2
OTU_73 1 0 0 1 1 0 0 2 14 11 8 1 0 0 0 0 0 2 0 0 0 0 0
OTU_74 0 0 0 2 1 0 0 0 1 0 0 29 2 8 20 93 0 0 1 0 0 1 1
OTU_75 13 0 0 1 0 0 0 0 0 2 0 37 1 9 0 8 0 0 0 26 6 0 2
OTU_76 5 5 1 11 0 1 4 0 0 1 1 1 1 5 0 15 42 3 29 0 1 0 0
OTU_77 0 0 0 0 1 0 0 0 0 0 2 0 0 0 1 0 0 1 0 64 19 16 4
OTU_78 0 0 1 1 0 0 0 1 0 0 1 2 0 0 6 0 1 0 0 33 7 11 28
OTU_79 1 1 0 0 2 0 0 0 0 0 0 26 6 5 28 7 7 16 8 0 0 0 3
OTU_80 5 4 5 8 9 1 1 3 3 8 4 7 0 6 10 3 1 4 5 5 3 9 6
OTU_81 0 0 0 2 0 0 0 0 42 20 27 0 1 0 1 0 0 0 0 1 1 1 0
OTU_82 0 0 0 1 2 0 0 0 0 0 1 1 0 0 8 1 0 0 0 6 26 60 13
OTU_83 0 0 0 0 0 11 56 0 1 0 0 0 0 1 0 0 0 0 0 0 0 0 1
OTU_84 3 0 0 1 1 0 12 0 0 0 0 1 0 1 2 16 52 1 10 1 0 0 1
OTU_85 2 0 0 1 0 0 0 0 0 1 0 3 0 4 6 62 6 5 4 0 0 1 2
OTU_86 0 1 0 0 1 0 1 0 0 0 0 0 0 0 0 0 0 0 0 120 0 1 1
OTU_87 8 3 2 9 1 0 0 0 0 0 1 24 10 1 20 0 1 0 50 1 0 4 2
OTU_88 1 0 0 1 1 2 0 1 0 0 2 5 3 3 21 24 18 38 4 0 0 1 0
OTU_89 0 1 0 1 0 0 0 0 0 1 1 0 0 0 8 0 0 1 0 0 1 48 18
OTU_90 0 0 0 0 1 0 0 0 0 0 0 0 0 1 2 0 0 0 1 4 5 17 36
OTU_91 0 0 0 0 0 1 0 0 1 0 0 1 0 1 0 0 0 1 0 176 0 1 0
OTU_92 1 0 0 0 0 0 0 0 0 0 0 0 0 0 1 0 0 0 0 0 71 0 0
OTU_93 1 2 1 0 1 0 0 14 0 0 0 0 0 0 1 36 29 8 24 0 1 0 0
OTU_94 0 0 0 1 0 0 0 0 17 75 52 1 0 0 0 0 0 0 0 1 0 1 0
OTU_95 23 0 0 2 2 0 0 0 0 0 0 0 0 0 0 0 0 1 0 0 0 0 0
OTU_96 0 1 0 1 0 0 0 0 0 0 0 139 1 13 1 1 1 0 1 0 1 0 1
OTU_97 0 0 0 0 0 0 0 1 17 22 1 0 0 0 0 0 0 0 1 0 0 1 0
OTU_98 0 0 0 0 26 8 24 4 1 0 1 0 0 1 0 0 0 1 1 1 2 61 13
OTU_99 0 0 1 0 1 0 0 0 1 92 1 0 0 0 0 0 1 1 0 0 0 0 0
OTU_100 0 1 0 1 1 0 0 2 0 1 2 17 10 5 13 0 0 5 0 7 2 2 0
OTU_101 0 18 11 25 9 11 18 8 0 1 0 0 0 0 1 0 1 0 1 1 6 1 0
OTU_102 1 23 23 19 15 16 0 0 0 0 2 0 0 0 0 0 0 0 0 1 0 0 0
OTU_103 6 0 0 1 0 0 0 0 0 1 0 0 0 0 0 0 0 0 0 0 0 0 1
OTU_104 0 0 0 0 1 1 0 0 0 0 2 12 0 0 2 6 0 0 1 3 0 0 0
OTU_105 1 1 0 3 0 0 0 0 1 0 0 24 5 5 2 5 1 2 1 5 8 5 1
OTU_106 0 0 0 0 1 0 0 0 2 2 94 0 0 0 0 0 0 1 1 0 0 1 0
OTU_107 0 0 0 0 0 0 0 6 0 0 0 1 0 1 0 0 0 0 45 0 1 0 1
OTU_108 4 17 7 20 5 1 2 0 0 0 1 0 0 1 0 0 0 1 0 1 1 0 0
OTU_109 11 0 0 1 1 1 1 0 1 0 0 19 1 0 1 1 1 16 9 0 0 1 1
OTU_110 0 0 0 1 0 0 0 0 0 2 1 1 0 0 2 13 0 256 5 0 0 2 1
OTU_111 1 0 0 7 1 0 0 1 0 2 10 1 1 0 5 2 0 0 0 30 27 62 50
OTU_112 1 0 0 0 0 0 0 2 0 0 0 1 1 1 0 1 0 0 0 6 0 59 1
OTU_113 0 0 0 1 0 0 0 1 7 14 35 0 0 0 0 0 0 1 0 0 2 1 0
OTU_114 1 0 0 0 1 0 0 0 0 0 0 10 5 7 14 10 14 5 5 1 0 0 1
OTU_116 0 2 3 5 1 0 1 0 2 1 1 0 0 1 0 0 0 2 7 41 8 34 1
OTU_118 0 0 0 1 0 1 0 0 0 0 0 0 0 1 0 0 222 0 0 1 1 1 0
OTU_119 29 0 2 0 0 0 0 1 0 0 0 9 8 14 15 5 0 6 18 2 0 0 1
OTU_120 0 0 0 0 0 1 0 0 0 0 0 2 0 1 0 0 0 0 0 0 1 66 0
OTU_121 0 0 0 0 0 1 1 0 1 1 0 8 1 18 7 1 0 0 0 0 0 1 0
OTU_122 0 0 0 0 0 0 0 0 28 8 26 0 0 0 0 0 0 1 1 0 0 0 0
OTU_123 0 0 1 1 0 0 0 0 0 0 0 0 0 12 1 0 0 2 0 8 10 2 7
OTU_124 1 0 2 5 0 0 0 0 0 2 2 7 1 4 7 1 0 2 2 17 12 16 5
OTU_125 0 1 0 1 0 0 2 0 0 0 1 1 0 0 2 5 3 1 1 6 12 43 1
OTU_126 1 1 1 1 0 0 0 1 0 0 0 3 6 15 1 0 0 2 0 0 0 0 1
OTU_127 0 1 0 0 0 0 0 0 0 0 0 2 0 0 0 1 0 0 0 83 0 0 0
OTU_128 24 0 0 0 0 0 0 1 0 0 0 3 2 4 4 1 0 1 1 0 0 0 1
OTU_129 0 0 0 1 1 0 0 0 0 0 0 7 0 5 18 0 0 0 0 0 0 2 0
OTU_130 3 3 2 1 0 0 0 1 0 1 0 11 8 4 16 0 0 0 0 0 0 0 0
OTU_131 3 5 8 7 10 11 18 13 0 0 1 0 0 0 1 0 0 0 1 0 0 0 0
OTU_132 1 0 0 0 1 0 0 1 1 0 0 11 0 2 1 4 0 2 0 0 0 2 0
OTU_133 0 0 0 1 0 0 0 0 2 0 35 0 0 0 0 0 0 0 0 0 0 0 0
OTU_134 1 0 0 0 0 0 0 0 0 1 0 0 0 1 0 4 103 21 8 0 0 0 0
OTU_135 0 0 0 2 3 0 5 0 0 0 0 3 2 0 4 3 1 5 5 17 7 17 5
OTU_136 0 0 0 0 0 0 0 0 1 0 1 3 11 0 2 0 10 5 6 0 0 0 1
OTU_137 2 0 0 0 0 0 0 0 1 1 0 0 0 0 1 0 0 0 0 10 5 20 2
OTU_138 0 0 0 0 1 0 0 1 0 0 1 11 5 8 28 1 0 1 0 0 0 0 1
OTU_139 0 0 0 1 0 0 1 1 0 0 0 1 0 0 0 0 0 0 0 16 30 1 0
OTU_140 0 0 0 1 0 0 0 0 0 1 0 3 0 1 0 2 33 14 12 0 0 0 0
OTU_141 13 13 14 18 4 0 0 0 0 0 0 0 0 0 0 0 0 0 2 1 0 0 0
OTU_142 2 2 1 5 0 0 0 1 0 0 0 1 1 1 5 0 3 1 2 8 10 13 2
OTU_143 0 0 0 0 0 0 0 1 0 0 0 0 1 0 0 1 0 0 0 16 55 0 0
OTU_144 0 0 0 0 0 0 0 1 3 14 19 0 0 0 0 0 0 0 0 0 0 1 1
OTU_145 3 0 0 0 1 0 0 0 0 0 1 9 6 20 2 0 0 0 0 0 0 0 0
OTU_146 9 1 0 1 2 0 0 0 0 1 1 7 2 2 1 1 11 0 4 0 0 1 0
OTU_147 8 3 2 1 0 0 0 0 0 0 1 3 1 8 4 0 0 1 1 0 1 1 0
OTU_148 0 0 0 0 0 0 0 1 0 0 0 20 0 8 13 1 0 0 0 1 0 0 0
OTU_149 4 0 0 0 1 8 27 0 0 0 0 1 0 0 0 0 0 0 0 0 0 1 0
OTU_150 0 0 0 1 1 0 0 2 0 0 0 10 3 10 20 0 1 20 0 6 8 5 1
OTU_151 3 0 1 0 0 0 0 0 0 1 0 0 2 1 19 0 0 0 0 0 0 2 0
OTU_152 0 0 0 0 1 0 0 0 1 0 0 2 19 7 6 0 0 0 0 1 0 0 0
OTU_153 23 4 7 3 0 1 2 0 1 0 0 0 0 1 0 0 1 11 2 0 0 3 0
OTU_154 28 3 7 3 0 0 0 1 0 0 0 0 0 0 2 0 1 1 2 2 2 0 0
OTU_156 0 0 0 0 0 0 0 0 22 0 22 0 0 0 0 0 0 0 0 0 0 0 0
OTU_157 0 0 0 0 0 0 0 0 0 0 0 0 0 0 0 0 0 1 0 2 24 1 0
OTU_158 0 0 0 0 0 0 0 0 0 0 0 0 0 0 3 0 0 0 0 0 0 0 15
OTU_159 0 0 0 1 0 1 0 0 0 1 1 1 0 0 2 35 2 5 3 1 0 0 0
OTU_161 16 2 3 0 1 0 0 0 0 0 0 0 0 0 3 0 0 1 0 0 0 0 0
OTU_162 2 0 0 0 0 0 0 0 1 0 0 5 1 5 8 0 1 0 0 1 0 1 0
OTU_163 0 0 0 0 0 0 0 0 0 1 0 0 0 6 0 0 1 0 0 1 1 60 2
OTU_164 3 1 0 1 4 1 3 1 0 2 2 1 0 5 3 2 0 1 0 3 1 3 3
OTU_165 6 1 1 7 0 2 4 1 0 0 0 2 1 2 7 21 15 1 5 7 12 7 7
OTU_167 0 0 0 0 0 1 2 0 0 0 0 0 0 0 0 0 0 0 0 0 1 21 6
OTU_168 0 0 1 14 0 0 0 0 0 1 0 0 1 1 1 16 40 4 19 1 0 0 0
OTU_169 2 0 0 0 2 2 2 2 0 0 0 0 0 0 0 2 22 19 15 0 0 0 1
OTU_170 0 0 0 1 1 0 2 0 0 0 1 7 0 12 3 7 1 3 1 2 0 0 0
OTU_171 1 0 0 0 0 0 0 0 0 0 0 20 0 2 0 0 1 0 0 37 2 32 26
OTU_173 2 13 12 0 0 1 0 0 0 1 0 2 1 1 3 0 1 1 18 1 0 0 0
OTU_174 7 0 2 1 0 0 2 0 0 0 1 0 0 5 1 0 4 0 1 1 1 1 1
OTU_175 0 0 0 1 0 0 1 0 0 11 5 1 0 0 0 0 0 0 0 1 1 0 0
OTU_176 0 0 0 0 0 0 1 1 0 0 0 3 4 0 2 0 0 56 10 0 0 0 0
OTU_177 0 0 0 0 0 0 0 0 0 0 1 1 0 0 0 79 2 2 2 0 4 58 0
OTU_178 0 1 4 132 0 0 0 1 0 0 0 0 0 0 0 0 0 0 0 0 0 0 0
OTU_179 0 0 0 0 0 0 0 1 0 0 0 1 0 2 0 0 0 0 0 0 1 36 0
OTU_180 0 0 0 0 0 0 0 0 0 0 0 0 0 0 0 0 0 0 0 0 3 17 0
OTU_181 0 0 0 0 1 0 0 1 0 29 3 1 0 0 0 0 0 0 0 0 0 0 0
OTU_182 1 2 1 6 0 0 0 1 0 0 0 5 0 7 21 1 0 1 1 0 7 2 1
OTU_183 0 0 0 1 0 1 0 0 0 0 2 0 0 0 1 0 0 0 3 1 28 22 1
OTU_184 0 0 0 0 0 0 0 0 0 18 0 0 0 0 1 0 0 0 0 1 0 0 0
OTU_185 0 0 0 0 1 0 0 0 0 1 0 1 0 0 0 0 0 0 0 2 2 31 14
OTU_186 0 0 0 0 0 0 0 0 0 0 0 13 1 2 6 1 0 0 0 0 0 0 1
OTU_187 22 0 0 0 0 0 0 1 0 0 1 4 1 1 3 0 0 0 0 0 0 0 0
OTU_188 0 2 2 6 0 0 0 0 0 0 0 0 0 0 0 24 11 1 1 0 0 0 0
OTU_189 8 1 0 0 1 0 19 6 0 0 0 0 0 1 0 2 0 21 0 2 0 0 0
OTU_190 0 1 0 0 0 0 0 0 0 0 0 6 5 5 0 0 1 5 5 0 0 0 0
OTU_191 0 0 0 1 0 0 0 0 0 2 2 0 0 0 0 0 0 0 0 40 6 0 1
OTU_192 5 0 0 0 0 0 0 0 0 0 0 13 10 0 1 1 0 0 0 0 0 0 0
OTU_193 0 0 0 0 0 0 1 3 0 0 1 0 0 0 0 3 0 4 5 0 0 3 0
OTU_194 0 0 0 2 27 7 8 8 0 0 1 1 0 0 0 0 1 0 0 0 0 0 0
OTU_195 0 0 0 0 1 0 0 0 0 0 0 0 0 1 0 1 0 0 0 1 28 3 10
OTU_196 0 0 0 0 1 0 0 0 0 0 0 14 3 7 18 0 0 0 1 0 0 0 0
OTU_197 0 0 1 13 0 1 22 6 1 0 0 0 0 1 0 1 0 0 1 1 0 0 0
OTU_198 0 0 0 0 1 0 0 0 3 36 1 0 0 0 0 0 0 1 0 0 0 0 0
OTU_199 0 0 0 0 0 1 0 0 0 1 0 0 3 19 19 0 0 0 0 0 0 0 0
OTU_200 0 0 0 0 0 1 0 0 0 1 0 1 0 0 0 0 65 2 17 0 0 0 0
OTU_201 0 0 0 0 0 0 0 0 0 1 0 0 0 0 0 0 0 0 0 0 0 0 55
OTU_202 2 0 0 1 1 0 0 1 0 0 0 1 0 0 2 1 0 1 0 20 9 3 0
OTU_203 0 0 0 1 1 0 0 0 0 0 0 0 0 1 0 0 96 0 0 0 0 1 0
OTU_204 0 0 0 0 31 11 22 0 0 1 0 0 0 0 0 0 0 0 0 0 0 0 0
OTU_205 4 2 0 7 1 0 7 0 0 0 1 0 0 0 1 0 0 0 18 1 0 1 1
OTU_206 0 0 0 0 1 0 0 0 0 0 1 0 0 0 5 0 0 0 0 7 32 20 21
OTU_207 0 0 0 0 68 4 0 1 0 0 0 0 0 1 1 0 0 1 0 1 0 0 0
OTU_209 1 0 0 0 0 0 0 0 0 0 0 11 3 6 12 1 0 0 0 0 0 0 0
OTU_211 0 0 0 0 0 2 0 11 0 1 1 1 0 0 0 3 15 4 4 0 0 0 0
OTU_212 0 0 0 0 0 0 0 0 2 0 0 6 1 13 4 0 0 0 0 0 0 0 0
OTU_213 0 0 0 0 0 0 0 0 0 1 0 6 0 3 9 0 0 0 0 0 0 1 0
OTU_214 0 0 0 0 0 0 0 0 0 1 0 0 0 0 0 0 0 0 0 0 33 0 0
OTU_215 8 9 10 8 0 0 0 0 0 0 0 0 0 0 0 0 0 0 0 0 0 0 0
OTU_216 5 0 0 19 1 0 0 0 0 0 0 1 0 1 0 12 0 0 1 0 0 0 0
OTU_217 0 0 0 0 0 0 0 0 0 5 31 0 0 0 1 0 1 0 0 0 0 0 0
OTU_218 0 0 0 1 1 0 1 0 0 0 0 12 3 2 0 0 0 1 0 0 0 0 0
OTU_219 0 8 5 11 71 2 4 0 0 0 0 0 0 1 0 0 0 1 0 0 0 0 0
OTU_220 0 0 0 0 0 0 0 0 0 0 1 0 0 0 1 0 0 0 0 62 1 0 0
OTU_221 0 0 0 0 27 2 3 2 0 0 0 0 0 0 0 0 2 0 2 0 0 0 0
OTU_222 0 0 0 0 0 0 0 0 6 18 12 0 0 0 0 0 0 0 0 0 0 1 0
OTU_223 0 0 0 1 0 0 0 0 0 0 0 1 1 0 0 0 0 1 0 4 0 13 4
OTU_224 0 0 0 1 0 0 0 0 0 0 0 2 1 1 2 1 0 1 0 0 1 0 0
OTU_225 0 0 0 0 1 0 0 0 0 0 0 5 1 1 1 10 1 16 14 0 0 0 1
OTU_226 0 0 0 0 0 0 0 0 0 0 0 0 0 1 0 0 0 0 0 1 0 6 29
OTU_227 0 0 0 0 0 0 0 0 0 0 0 2 1 11 5 0 0 0 0 0 0 0 0
OTU_228 0 0 0 0 0 0 0 0 0 0 0 0 0 0 0 0 0 1 0 33 7 3 3
OTU_229 2 7 13 40 1 0 1 1 0 0 0 1 0 0 0 0 0 0 0 0 0 0 0
OTU_230 0 0 0 0 0 0 0 0 0 0 1 2 1 0 0 0 1 6 7 0 0 0 1
OTU_231 0 0 0 0 0 1 0 0 0 0 0 0 0 0 0 0 58 0 0 0 0 1 0
OTU_232 0 0 0 0 0 0 0 0 0 1 0 0 0 0 1 0 0 0 0 14 0 0 1
OTU_233 0 0 0 0 0 1 0 0 0 0 0 0 0 0 1 1 1 2 2 15 9 14 2
OTU_234 0 0 1 0 0 0 0 0 0 1 0 0 0 0 0 0 0 87 0 1 0 0 1
OTU_235 4 3 1 1 1 1 0 0 1 0 0 0 0 2 1 1 1 0 4 34 4 0 1
OTU_236 0 0 0 0 0 0 0 0 0 37 2 0 0 0 0 0 0 1 0 0 0 0 0
OTU_237 0 0 0 0 0 0 0 2 0 0 0 1 2 2 13 3 2 22 0 0 1 0 0
OTU_239 0 0 0 2 0 0 0 0 0 0 0 9 6 7 8 4 11 16 24 1 0 0 1
OTU_240 0 0 0 0 1 44 0 0 0 0 0 0 0 0 0 0 0 0 0 0 0 0 0
OTU_241 0 0 0 1 0 0 0 0 5 0 26 0 0 0 0 0 0 0 0 1 0 0 0
OTU_242 0 0 0 3 8 0 17 6 0 0 0 1 0 0 0 0 0 0 1 0 0 1 0
OTU_243 2 0 0 0 2 0 0 0 0 0 1 0 0 0 1 1 1 0 30 0 0 0 0
OTU_244 1 0 1 0 0 0 0 0 0 1 0 0 0 0 3 1 0 0 0 2 3 16 6
OTU_245 0 0 0 0 0 0 0 0 0 0 0 0 0 0 0 14 0 73 0 0 0 0 0
OTU_246 1 1 0 4 0 1 1 1 0 1 2 4 0 1 5 3 1 64 2 3 1 2 2
OTU_247 0 0 0 0 0 0 1 0 0 0 0 0 0 0 0 0 0 0 0 64 0 2 2
OTU_249 2 1 4 2 1 0 0 0 0 0 0 4 1 0 0 0 5 0 0 0 0 0 0
OTU_250 30 1 4 2 0 0 0 1 0 0 2 1 5 2 6 3 0 3 2 2 0 0 0
OTU_251 0 0 0 0 1 0 17 0 0 0 0 1 0 1 0 2 1 0 0 0 0 0 0
OTU_252 0 1 0 1 0 0 1 1 0 0 0 0 0 0 0 0 1 0 0 0 0 28 0
OTU_253 0 0 0 0 0 0 0 0 0 0 0 0 0 0 0 0 0 0 0 18 1 1 5
OTU_254 0 1 0 1 0 0 1 1 0 0 0 0 0 0 1 0 0 0 0 0 0 0 0
OTU_255 0 0 0 0 0 0 0 0 0 0 0 0 0 0 0 0 0 0 0 14 9 2 0
OTU_256 0 0 0 0 0 0 7 1 0 0 0 5 3 1 8 0 4 5 5 0 0 3 0
OTU_257 3 0 0 4 0 0 0 0 0 0 1 5 1 15 10 3 1 2 6 1 0 1 0
OTU_258 4 0 0 2 2 1 6 2 0 0 0 16 0 1 1 5 1 4 0 0 2 0 0
OTU_259 0 0 0 0 0 0 0 0 0 0 0 0 0 0 1 0 0 0 0 6 7 5 4
OTU_260 0 0 0 0 1 0 1 1 1 0 0 1 2 0 23 0 0 3 0 0 4 0 1
OTU_261 0 2 2 0 0 0 0 0 0 0 0 0 0 0 0 4 21 0 0 0 0 0 0
OTU_262 0 0 0 0 0 0 0 0 0 0 0 0 0 0 0 0 0 0 0 15 23 0 0
OTU_263 0 2 2 5 14 3 21 13 0 0 1 0 0 0 2 0 1 0 0 0 0 1 0
OTU_264 0 1 0 0 4 4 12 10 0 0 0 0 0 0 0 0 0 0 0 0 0 1 0
OTU_266 0 0 0 0 0 0 0 1 0 0 0 0 2 6 9 0 0 0 0 0 0 1 0
OTU_268 0 0 0 0 0 0 0 0 0 0 0 0 0 0 0 0 0 0 0 6 0 27 3
OTU_269 0 14 15 19 2 0 0 1 0 0 0 0 0 0 0 0 0 1 0 0 0 0 1
OTU_270 1 0 2 7 6 3 0 4 0 0 0 1 0 0 1 0 0 1 0 7 5 9 1
OTU_271 14 0 0 0 0 0 0 0 0 0 0 1 0 0 0 0 0 0 0 1 0 1 0
OTU_272 0 0 0 0 0 0 0 0 9 0 5 0 0 1 2 0 0 0 2 1 0 0 0
OTU_273 0 0 0 1 0 1 0 0 0 0 1 0 1 11 0 0 0 0 0 0 0 0 1
OTU_274 0 0 0 0 0 0 0 0 0 0 0 0 1 4 15 0 0 0 1 0 0 0 0
OTU_275 0 0 0 1 0 0 1 0 0 0 0 1 5 12 10 0 2 1 1 0 0 0 1
OTU_276 0 0 0 0 0 0 0 0 0 5 20 1 0 1 0 0 0 1 0 0 0 0 0
OTU_277 0 1 5 6 7 2 29 8 0 0 0 0 0 0 0 0 1 0 1 0 0 0 0
OTU_278 7 9 1 9 12 0 3 4 0 0 0 0 0 2 2 0 1 12 0 0 1 4 2
OTU_279 0 0 1 1 1 0 6 0 1 1 0 0 0 0 1 0 14 52 7 0 0 1 0
OTU_281 1 1 0 4 4 0 0 0 0 0 0 0 0 0 0 4 2 1 4 0 0 8 2
OTU_282 1 0 0 0 0 0 0 0 0 0 0 0 0 0 0 0 0 77 0 1 0 1 1
OTU_283 0 0 0 0 0 0 0 1 0 1 0 2 1 0 9 6 0 2 1 3 5 8 5
OTU_284 0 0 0 1 0 0 1 0 0 0 0 2 4 2 37 0 0 0 0 1 0 0 1
OTU_285 0 0 0 0 1 0 0 0 0 0 0 4 0 1 4 4 3 2 2 0 0 1 1
OTU_286 0 1 0 5 1 0 2 2 0 0 1 0 0 0 0 0 23 0 0 0 0 0 0
OTU_287 0 0 0 0 1 0 1 0 1 0 0 0 0 0 1 0 0 0 0 4 0 5 1
OTU_288 0 0 0 0 0 0 0 0 0 0 1 0 0 2 1 0 0 52 0 2 0 0 0
OTU_289 0 0 0 0 0 0 0 0 0 0 0 0 0 1 0 3 0 0 0 5 17 6 2
OTU_290 0 0 0 1 0 0 0 0 1 0 0 0 0 0 1 0 0 0 1 0 1 7 8
OTU_291 2 3 0 0 0 0 3 0 0 0 0 0 0 0 0 15 0 5 0 0 0 0 0
OTU_292 0 0 0 0 0 0 0 0 0 1 1 0 0 0 0 0 0 1 40 0 0 0 0
OTU_293 0 0 0 0 0 0 1 0 0 0 0 1 2 0 3 3 2 2 0 0 0 0 0
OTU_294 0 0 0 0 0 0 0 0 0 0 0 0 0 1 0 0 0 0 0 1 0 52 0
OTU_295 0 1 1 2 12 2 20 0 0 0 0 0 0 0 0 2 0 0 0 0 1 0 0
OTU_296 0 0 0 0 0 0 0 0 2 1 34 0 0 0 0 1 1 0 0 0 0 0 0
OTU_298 0 0 0 0 0 0 0 0 0 1 0 4 4 4 2 0 0 0 0 0 0 1 0
OTU_299 0 0 0 0 0 0 0 0 0 0 0 1 2 1 0 0 0 0 0 0 0 1 0
OTU_300 0 0 0 1 0 0 0 0 0 0 0 0 0 0 1 0 0 1 0 1 20 3 2
OTU_301 0 0 0 6 0 0 0 0 0 1 0 4 4 1 1 1 0 1 0 6 3 1 4
OTU_302 0 0 0 0 1 0 6 0 0 0 1 0 0 1 1 3 0 0 0 1 0 0 0
OTU_303 0 0 0 0 0 0 7 4 0 0 0 1 1 1 0 6 0 0 0 0 0 0 0
OTU_304 0 1 0 0 0 0 0 0 0 0 0 0 0 0 0 0 0 1 0 25 3 5 3
OTU_305 1 0 1 1 0 2 0 0 0 0 0 4 1 1 4 1 4 1 5 0 0 0 0
OTU_306 0 1 0 0 0 1 0 0 0 1 0 2 3 6 4 1 3 2 2 1 0 1 1
OTU_307 0 0 0 0 1 0 0 0 0 0 0 0 0 0 0 0 0 0 0 9 3 4 8
OTU_308 0 1 0 0 0 0 0 0 0 0 0 0 0 1 4 0 10 0 2 0 0 8 1
OTU_309 0 1 1 0 0 0 0 0 0 0 0 2 0 0 0 15 2 3 0 1 1 0 0
OTU_310 1 0 0 1 1 0 0 1 0 0 0 2 0 0 0 1 2 2 24 1 0 1 0
OTU_311 0 1 0 1 0 0 0 1 0 0 0 0 0 0 1 0 0 0 0 19 0 7 1
OTU_312 0 0 0 0 0 0 21 0 0 2 0 0 0 0 0 0 0 0 0 0 0 0 0
OTU_313 12 1 2 0 0 0 0 2 0 0 0 0 0 0 0 1 0 1 0 0 0 0 0
OTU_314 0 0 0 0 0 0 0 0 15 1 0 0 0 0 0 0 0 0 0 0 0 0 0
OTU_316 0 0 0 0 0 0 0 0 0 0 0 5 1 4 3 0 0 0 0 1 0 0 0
OTU_317 0 0 0 0 0 0 0 0 0 0 0 0 0 0 0 0 1 29 0 0 0 0 0
OTU_318 1 0 1 0 1 0 1 1 0 0 0 0 1 0 0 0 8 1 4 0 4 0 0
OTU_319 0 0 0 0 0 0 0 0 0 0 0 6 2 1 12 0 1 0 1 0 0 0 0
OTU_320 0 0 0 0 0 0 0 0 0 0 0 0 0 0 0 0 0 0 0 0 32 1 0
OTU_321 0 0 0 0 2 0 0 2 0 0 0 0 0 0 0 0 0 0 0 0 0 0 0
OTU_322 0 0 0 0 0 0 0 0 0 1 0 4 6 1 2 0 0 0 0 0 0 1 1
OTU_323 0 1 0 1 0 0 52 0 0 0 0 0 0 0 0 0 0 1 0 0 0 0 0
OTU_325 0 0 0 1 0 1 0 0 0 15 17 0 0 0 0 1 0 0 0 0 0 0 0
OTU_326 0 0 0 0 0 0 0 0 0 0 1 1 3 6 5 0 0 0 0 1 2 0 0
OTU_327 4 1 2 10 0 0 1 0 1 1 0 4 5 4 12 2 6 2 1 4 3 4 1
OTU_328 0 0 1 0 0 0 0 1 0 0 0 0 0 0 9 0 2 0 3 3 2 4 0
OTU_329 0 0 0 0 0 0 0 1 0 0 0 0 0 0 1 0 0 1 0 29 0 3 1
OTU_330 0 0 0 0 1 0 0 0 0 0 0 0 0 0 2 0 0 1 0 0 1 3 4
OTU_331 0 0 0 0 0 0 0 0 5 2 0 0 0 0 1 0 0 0 0 0 0 0 0
OTU_332 1 0 0 0 4 1 11 4 0 0 0 0 0 0 0 0 0 0 0 0 0 0 0
OTU_334 0 0 1 0 3 1 0 0 0 0 1 3 1 1 0 17 3 2 0 2 0 0 4
OTU_335 0 0 0 0 0 0 2 5 0 0 0 1 1 1 1 1 2 8 1 1 0 0 0
OTU_336 10 7 12 12 0 0 0 0 0 0 0 0 0 0 0 0 0 0 1 0 1 0 0
OTU_337 6 0 0 0 0 1 0 0 0 0 0 0 0 0 0 0 0 0 0 0 0 1 1
OTU_338 22 2 2 0 1 0 0 0 0 0 0 0 0 0 0 0 0 0 0 0 1 0 0
OTU_339 0 0 0 6 0 0 0 0 0 1 0 2 1 0 0 2 4 2 5 0 0 0 0
OTU_340 0 3 3 2 3 2 2 1 0 0 0 0 0 0 0 0 0 0 1 0 0 0 0
OTU_341 0 0 0 0 1 0 0 1 0 0 0 0 0 2 2 0 0 0 0 4 17 15 3
OTU_342 0 0 0 0 0 0 0 0 0 0 0 0 2 2 0 0 1 0 0 0 1 0 0
OTU_343 0 0 1 0 0 0 0 0 0 0 0 0 0 0 0 0 0 0 0 3 0 25 0
OTU_344 0 0 0 0 1 0 0 0 0 0 0 10 4 1 8 16 0 1 3 0 0 0 0
OTU_345 0 0 0 0 0 0 0 0 0 0 0 0 0 1 2 5 2 15 7 1 0 0 1
OTU_346 0 2 1 6 11 7 16 14 0 0 0 0 0 0 0 0 0 0 0 1 0 2 0
OTU_347 3 0 2 2 6 0 0 4 0 0 0 0 0 0 3 10 13 5 7 0 1 1 0
OTU_348 0 0 2 54 0 0 0 0 0 1 0 0 0 0 0 0 0 0 0 0 0 1 1
OTU_349 0 0 0 0 0 1 0 1 0 0 55 0 0 0 0 1 0 1 0 0 0 0 0
OTU_350 0 0 0 0 0 0 0 0 0 0 0 0 0 0 0 0 0 0 0 18 11 0 0
OTU_351 0 0 0 0 0 0 0 0 0 0 0 0 0 0 0 0 0 0 16 0 0 0 0
OTU_352 0 0 0 0 0 0 0 0 0 0 0 0 0 1 1 89 0 0 0 0 0 0 0
OTU_353 2 0 0 5 0 0 1 0 0 1 0 0 0 0 0 0 0 0 0 0 0 0 0
OTU_354 2 2 0 5 0 0 2 0 0 0 0 3 0 3 1 0 10 1 4 0 0 1 0
OTU_355 0 0 0 0 1 2 0 0 0 0 0 0 0 0 0 0 0 0 0 0 1 0 0
OTU_356 0 0 0 0 0 0 0 0 0 0 0 0 0 0 0 0 0 0 0 3 1 0 7
OTU_357 0 0 0 0 1 0 0 0 0 0 0 2 0 1 12 0 0 13 0 0 0 0 0
OTU_358 1 0 0 0 0 0 0 1 0 0 0 0 0 0 1 1 7 35 0 0 0 0 1
OTU_359 0 0 0 0 0 0 3 3 0 0 0 2 1 5 4 8 4 10 2 0 2 1 0
OTU_360 0 0 0 0 0 0 24 0 0 0 0 0 0 0 0 0 0 0 4 0 0 0 0
OTU_361 0 0 0 1 0 0 0 0 0 1 1 3 2 2 4 1 0 0 0 0 0 0 0
OTU_362 4 3 1 1 0 3 0 3 0 0 0 2 0 0 1 0 0 0 0 0 1 0 0
OTU_363 0 0 0 0 2 0 3 0 0 1 1 0 0 0 0 8 0 1 0 0 0 0 0
OTU_364 0 0 0 0 0 0 0 0 0 0 0 2 1 0 2 0 0 2 0 0 1 9 0
OTU_365 0 0 0 1 0 0 0 0 0 0 0 0 0 0 0 0 0 0 0 0 0 0 9
OTU_366 4 0 0 0 0 0 0 0 0 0 0 6 1 3 8 6 0 0 3 1 0 0 0
OTU_367 1 0 0 0 1 0 0 0 1 8 19 0 0 0 0 1 1 0 0 0 1 1 0
OTU_369 0 0 0 0 0 0 0 0 1 0 0 0 0 1 0 0 0 0 0 1 1 8 2
OTU_370 5 0 0 0 0 0 1 0 0 0 0 7 1 3 12 2 0 6 6 0 1 0 1
OTU_371 0 0 0 1 0 0 0 0 1 0 0 0 0 0 0 0 0 0 13 0 0 1 0
OTU_372 2 1 0 4 0 2 7 2 0 0 1 2 2 1 5 1 3 1 0 1 0 0 0
OTU_375 1 0 0 0 0 0 0 1 0 0 0 0 0 0 3 0 0 1 0 7 3 30 10
OTU_376 1 0 0 0 0 0 0 0 0 0 0 2 2 0 0 0 0 0 6 0 0 0 0
OTU_377 0 1 0 0 0 0 0 0 0 0 0 10 1 1 0 0 0 5 0 0 10 0 0
OTU_378 0 0 0 0 0 0 0 0 0 0 0 1 3 2 2 0 1 21 0 0 0 7 1
OTU_380 0 0 0 29 5 1 2 0 0 0 0 0 0 0 0 0 0 0 0 1 0 0 0
OTU_381 9 0 0 3 0 0 0 0 0 0 0 0 0 0 0 0 0 0 0 0 1 0 0
OTU_382 12 6 5 8 0 0 0 0 0 0 0 1 0 0 0 0 1 0 0 0 0 0 0
OTU_383 0 0 0 0 0 0 0 0 0 0 0 19 0 0 16 0 0 0 0 1 0 0 0
OTU_384 0 0 0 0 0 0 0 0 0 23 0 1 0 0 0 0 0 0 0 0 0 0 0
OTU_385 1 0 0 0 0 0 0 0 0 0 0 0 0 0 1 0 0 0 0 1 2 0 5
OTU_386 17 0 0 1 0 0 0 0 0 0 1 0 0 1 5 10 0 8 3 0 0 0 0
OTU_387 0 0 0 0 0 0 0 0 0 0 0 0 0 0 0 0 0 0 19 0 0 0 0
OTU_388 1 5 4 10 0 0 0 1 0 0 0 1 0 0 0 0 1 0 0 0 0 0 0
OTU_389 0 2 2 3 0 0 17 2 0 0 0 0 0 0 0 10 8 6 8 19 25 13 9
OTU_392 0 0 0 0 0 0 0 0 0 0 0 0 0 0 0 1 0 0 0 0 0 20 0
OTU_393 0 0 0 0 0 0 0 0 0 0 0 15 0 1 0 0 0 0 0 0 0 0 0
OTU_394 0 0 0 0 0 0 0 0 0 1 0 0 0 0 0 0 34 0 5 0 0 0 0
OTU_395 0 0 0 0 7 6 0 3 0 0 0 0 0 0 0 0 0 0 0 0 0 0 0
OTU_396 0 0 0 0 0 0 0 0 0 0 0 0 0 1 5 1 0 0 0 0 0 4 6
OTU_397 0 4 2 19 0 1 0 0 1 0 0 0 0 0 0 0 0 0 0 0 0 0 1
OTU_398 0 0 0 2 1 0 0 0 0 0 0 4 1 5 0 0 3 1 2 2 0 0 0
OTU_399 0 0 0 0 1 0 0 0 0 0 0 0 0 0 0 0 0 3 4 0 0 0 0
OTU_400 0 0 0 1 0 0 0 0 0 0 0 43 2 0 0 0 0 0 0 0 0 0 0
OTU_401 1 2 0 1 0 0 0 0 0 0 0 1 0 1 17 0 0 0 0 0 0 0 0
OTU_402 0 0 0 0 0 0 0 0 0 0 0 0 0 0 8 3 0 0 0 0 0 0 0
OTU_403 0 1 3 3 0 0 0 0 0 0 0 0 0 0 0 8 14 7 0 0 0 0 0
OTU_406 1 0 0 0 11 1 5 0 0 0 0 0 0 0 0 0 1 0 0 0 0 0 0
OTU_407 0 0 0 0 0 0 0 0 1 2 13 0 0 0 0 0 0 0 0 0 0 0 1
OTU_409 0 0 0 0 0 0 0 0 0 0 0 1 3 2 3 6 0 0 0 0 0 1 0
OTU_410 0 0 0 0 0 0 0 0 0 0 0 0 0 56 0 0 0 0 0 0 0 0 0
OTU_411 0 0 0 1 0 0 0 0 0 0 0 0 2 0 30 0 0 0 0 0 0 0 0
OTU_412 0 0 0 0 0 0 0 0 0 0 0 2 2 3 8 0 3 4 0 0 0 0 0
OTU_413 3 0 3 0 0 0 0 0 0 0 1 0 0 0 1 0 0 2 1 0 0 0 0
OTU_414 1 6 8 13 3 0 0 2 0 0 0 0 0 0 0 0 0 0 0 4 0 0 0
OTU_415 0 0 0 0 0 0 0 0 0 0 0 0 0 0 0 0 0 0 0 0 5 0 7
OTU_417 0 3 0 1 0 0 0 0 0 0 0 0 0 0 0 0 0 0 0 0 1 1 0
OTU_418 0 0 0 0 7 1 0 4 0 0 0 0 0 0 0 0 0 0 0 0 0 0 0
OTU_419 5 3 0 9 1 0 1 0 0 0 1 0 0 0 0 0 2 0 0 0 0 0 0
OTU_420 3 4 2 7 0 1 1 0 0 0 0 1 0 0 0 0 0 0 0 0 0 0 0
OTU_421 0 0 0 0 0 0 0 0 0 0 0 12 1 2 1 0 0 0 0 0 1 0 0
OTU_422 0 0 0 0 0 0 0 0 0 0 0 0 0 0 0 0 0 37 0 1 0 0 0
OTU_423 0 0 0 0 0 0 0 0 0 0 0 0 0 0 0 0 0 0 0 2 13 1 0
OTU_424 1 0 0 0 0 0 1 0 0 0 0 11 3 0 3 1 0 0 1 0 0 0 0
OTU_425 0 0 0 1 0 0 0 1 0 0 0 2 1 0 1 4 0 1 0 7 3 0 0
OTU_426 0 0 0 0 0 0 0 0 0 0 0 0 0 0 0 0 0 1 0 1 30 0 0
OTU_427 0 0 1 0 0 0 0 0 0 0 0 0 0 0 0 0 0 0 0 0 0 0 11
OTU_428 16 0 1 1 1 0 0 0 0 1 0 0 0 0 0 0 1 1 1 0 0 2 0
OTU_429 0 2 2 12 0 1 3 0 0 0 0 0 0 0 0 0 0 1 1 0 0 0 0
OTU_430 1 1 1 3 3 1 0 0 0 0 1 0 0 0 0 0 0 0 0 0 0 1 0
OTU_431 0 0 1 5 6 1 2 6 0 0 0 0 0 0 0 0 0 0 3 0 0 0 0
OTU_432 0 0 0 0 0 2 0 8 0 0 0 0 0 0 0 1 0 0 1 0 0 0 0
OTU_433 0 0 0 2 1 0 0 0 0 0 0 0 0 0 0 0 0 0 0 0 11 3 0
OTU_435 0 0 1 0 0 1 0 0 0 0 0 1 0 0 0 0 0 3 6 0 0 2 0
OTU_436 0 0 0 1 1 0 0 0 0 0 0 0 0 0 0 34 6 4 4 0 0 0 0
OTU_437 1 1 1 0 0 0 2 0 1 0 1 0 0 0 0 7 3 7 1 10 5 6 0
OTU_438 0 0 0 0 0 0 0 0 0 0 0 0 0 0 0 0 0 0 0 12 1 0 0
OTU_439 0 0 0 16 1 0 0 0 0 0 0 0 0 0 0 0 0 0 0 0 0 7 0
OTU_440 0 0 0 0 0 0 0 0 0 1 0 0 0 0 0 27 0 2 0 0 0 0 0
OTU_441 0 0 0 0 1 0 0 0 0 0 0 0 0 0 0 0 0 0 0 0 2 24 0
OTU_442 0 0 0 1 0 0 0 0 0 0 1 1 18 0 0 0 0 0 0 0 1 0 1
OTU_443 1 0 1 0 0 0 0 0 0 0 0 0 0 0 0 0 0 5 3 0 0 0 0
OTU_444 7 0 0 1 0 0 0 0 1 0 0 0 0 0 0 0 0 1 0 0 0 0 0
OTU_445 0 0 0 0 0 0 0 0 0 0 0 0 18 0 1 0 0 0 0 0 1 0 0
OTU_446 0 0 0 37 1 0 0 0 0 0 0 0 0 0 0 0 0 1 0 0 0 1 0
OTU_447 0 1 1 2 5 1 14 2 0 0 0 0 0 0 1 0 0 0 0 0 0 0 0
OTU_448 0 0 0 0 0 0 0 0 0 19 26 0 0 0 1 0 0 0 0 0 0 0 0
OTU_450 0 3 1 1 0 3 4 3 0 0 0 0 0 0 0 0 0 0 0 1 0 4 0
OTU_451 0 0 1 0 0 0 0 0 0 0 0 2 0 0 6 0 0 1 0 0 1 0 0
OTU_452 0 0 0 0 0 0 0 0 0 0 0 3 3 3 6 0 0 0 0 0 0 0 0
OTU_454 0 0 0 0 0 0 0 0 0 0 0 2 1 3 6 0 1 5 2 1 0 0 0
OTU_455 0 2 2 10 0 0 0 0 0 0 0 0 0 0 0 0 0 0 0 0 0 0 0
OTU_456 0 0 0 0 0 0 0 0 0 0 0 1 1 1 7 0 0 0 0 0 0 0 1
OTU_459 0 0 0 0 0 0 0 0 0 0 0 0 0 0 0 0 0 0 0 10 6 5 0
OTU_460 3 0 1 0 0 0 0 0 0 0 0 0 0 0 0 0 0 0 0 0 0 0 0
OTU_461 4 0 0 0 0 0 0 0 0 0 0 2 0 0 3 0 1 6 4 1 0 0 0
OTU_462 0 0 1 0 1 0 8 9 0 0 0 0 0 0 0 0 0 1 0 0 0 0 0
OTU_463 2 0 0 0 0 0 0 0 0 0 0 0 1 1 0 0 0 0 0 0 0 0 0
OTU_465 0 7 5 3 0 0 0 0 0 0 1 0 0 0 1 0 0 0 0 0 0 0 0
OTU_467 3 0 0 0 0 0 0 0 0 1 0 4 2 1 0 0 0 0 0 0 2 0 0
OTU_469 0 0 0 0 0 0 0 0 0 0 0 2 0 2 4 0 0 0 0 0 0 0 0
OTU_470 0 0 0 0 5 0 0 0 0 0 0 0 0 0 0 2 1 0 1 0 0 0 0
OTU_471 0 0 0 0 0 0 0 0 0 0 0 0 1 0 0 0 0 0 0 0 5 4 4
OTU_473 0 0 0 0 0 0 0 1 0 0 0 7 0 1 1 0 1 36 8 1 0 0 0
OTU_474 10 0 0 0 0 0 0 0 0 0 0 2 0 1 0 0 0 0 0 0 0 1 0
OTU_475 0 0 0 0 0 1 1 3 0 0 0 0 0 1 0 0 0 0 0 0 0 0 0
OTU_476 0 3 5 7 1 2 2 1 0 0 0 0 0 1 0 1 0 0 0 0 0 0 0
OTU_477 2 0 0 0 0 0 0 0 0 0 0 1 0 1 7 0 0 0 0 1 0 3 0
OTU_479 0 0 0 0 0 0 0 0 0 0 0 2 4 3 2 0 1 1 0 0 0 0 0
OTU_480 0 0 0 0 1 0 0 0 0 0 0 0 0 0 0 0 0 0 12 0 0 0 0
OTU_481 1 0 0 0 0 0 0 0 0 0 0 0 0 0 1 0 0 1 0 2 2 4 0
OTU_483 0 0 0 0 0 0 0 0 0 0 0 0 0 0 0 0 0 0 0 0 0 0 7
OTU_484 3 0 0 0 0 0 0 0 0 0 0 2 2 0 1 1 0 0 1 0 0 0 0
OTU_485 0 0 0 0 0 1 0 0 0 1 0 0 0 0 0 1 4 3 4 0 0 0 0
OTU_486 0 0 0 0 0 0 2 0 0 0 0 0 0 0 2 6 10 5 1 0 0 0 0
OTU_487 2 0 0 0 0 0 0 0 1 0 0 2 0 0 1 0 1 1 3 0 0 0 0
OTU_488 0 0 0 0 0 0 0 0 0 0 0 2 0 0 0 0 0 0 0 2 10 0 0
OTU_489 0 0 0 0 0 0 0 0 0 0 0 1 0 0 9 0 0 0 0 3 1 5 0
OTU_490 0 0 0 1 0 0 0 0 0 0 0 1 0 2 0 0 0 0 0 0 15 3 3
OTU_491 3 1 0 5 0 0 0 0 0 0 0 0 0 0 0 0 0 0 0 0 0 0 0
OTU_492 3 0 1 6 0 0 0 0 0 0 0 0 0 0 0 0 0 0 1 0 0 0 0
OTU_493 1 0 0 1 0 0 0 0 0 0 0 0 0 0 0 3 2 4 0 0 0 0 0
OTU_495 0 0 0 0 0 7 0 0 0 0 0 0 0 0 0 0 0 0 0 0 0 0 0
OTU_496 0 0 0 0 0 0 0 1 0 0 0 0 0 0 0 3 0 0 1 2 1 1 2
OTU_497 1 1 3 1 0 0 0 0 0 0 0 0 0 0 0 0 0 0 0 0 1 0 0
OTU_498 2 0 0 0 0 0 2 2 0 0 1 0 0 0 0 0 1 0 0 0 0 0 0
OTU_499 0 0 0 0 1 0 0 1 0 0 0 4 0 0 0 0 0 1 0 0 0 1 0
OTU_501 0 0 0 1 0 0 0 0 0 1 0 0 0 0 1 8 0 0 1 0 1 1 0
OTU_502 0 0 0 0 0 0 0 0 0 0 0 0 0 0 4 0 0 0 0 0 0 0 6
OTU_503 0 0 0 0 1 0 0 0 0 0 1 1 0 0 0 0 0 0 0 21 1 3 2
OTU_504 0 1 0 0 0 0 0 0 0 0 0 3 4 2 1 1 0 0 0 0 0 0 0
OTU_505 0 0 0 0 0 0 1 0 0 0 0 1 1 1 0 0 0 4 0 1 1 1 0
OTU_507 0 0 0 0 0 0 0 0 0 0 0 0 1 0 0 0 0 0 0 9 4 0 0
OTU_508 5 0 0 0 0 0 0 0 0 0 0 6 3 3 5 11 0 3 0 0 0 0 0
OTU_510 0 0 0 0 0 0 0 0 0 0 0 1 0 2 4 0 0 0 0 0 0 0 0
OTU_511 0 0 0 1 2 0 1 0 0 0 0 0 0 0 0 1 1 0 1 0 0 0 0
OTU_512 0 0 0 0 0 0 0 0 1 11 0 0 0 0 0 0 0 0 0 0 0 0 0
OTU_513 6 0 0 0 0 0 0 0 0 0 0 0 0 0 0 0 0 0 0 0 0 0 0
OTU_517 0 0 0 0 0 0 0 0 0 0 0 1 1 2 1 0 0 0 1 0 0 0 0
OTU_518 2 0 0 0 0 0 0 0 0 0 0 0 1 0 4 3 0 2 0 0 0 0 0
OTU_519 0 0 0 0 0 0 0 0 0 0 0 0 0 0 0 0 0 0 0 15 2 1 0
OTU_520 0 0 0 2 7 2 0 2 0 0 1 1 0 0 0 9 2 0 5 0 0 0 0
OTU_521 0 0 0 0 0 0 0 0 0 0 0 0 0 0 0 0 0 0 1 15 1 0 0
OTU_522 0 0 0 0 0 0 0 0 0 0 0 0 0 0 0 0 0 0 0 0 14 6 1
OTU_523 0 0 0 0 0 0 0 0 0 0 0 0 0 0 2 0 0 0 0 0 0 6 3
OTU_524 0 0 0 0 0 0 0 0 0 0 0 0 0 0 0 1 2 1 2 3 5 0 0
OTU_525 1 4 0 3 0 0 0 0 0 0 0 0 0 0 0 0 0 0 0 0 0 0 0
OTU_526 1 1 6 1 2 0 0 0 0 0 0 0 0 0 0 1 0 0 0 0 0 0 0
OTU_527 0 0 0 0 0 0 0 1 0 1 0 1 0 0 0 0 3 4 13 0 0 1 0
OTU_528 0 0 2 1 1 1 1 0 0 0 0 0 0 0 0 1 8 0 0 1 0 0 0
OTU_531 1 0 0 0 0 0 0 0 0 0 0 0 0 0 1 0 1 0 0 6 0 1 1
OTU_534 0 0 1 0 0 1 0 0 0 1 0 0 0 0 0 0 0 0 0 8 1 0 0
OTU_535 0 1 0 0 0 0 1 0 0 1 0 0 0 0 0 4 0 0 0 1 0 0 0
OTU_537 0 0 0 1 0 0 0 0 0 0 0 1 0 0 0 28 0 0 1 0 0 0 0
OTU_539 0 0 0 0 0 0 0 0 0 0 0 0 0 0 3 1 0 1 6 0 0 0 0
OTU_540 0 0 0 0 0 0 0 0 0 0 0 1 1 0 7 11 0 1 4 1 0 0 0
OTU_542 5 0 1 0 1 0 0 0 0 0 0 0 0 0 0 0 0 0 0 0 0 0 0
OTU_543 1 1 0 0 0 1 0 0 0 0 0 1 0 0 0 0 0 0 0 0 0 0 0
OTU_544 0 6 2 25 0 0 0 0 1 0 0 0 0 0 0 0 0 0 0 0 0 1 0
OTU_545 4 0 1 0 1 0 0 0 0 0 0 1 0 0 4 0 0 0 0 0 0 0 0
OTU_546 0 0 0 0 0 0 0 0 1 14 0 0 0 0 0 0 0 0 0 0 0 0 0
OTU_548 0 6 4 6 1 0 0 0 0 0 0 0 1 0 0 0 0 0 0 0 0 0 0
OTU_549 0 0 1 3 12 3 0 1 0 0 0 0 0 0 0 0 0 1 0 1 0 0 0
OTU_550 1 0 0 0 1 0 2 4 0 0 0 0 0 0 0 0 0 0 0 0 1 0 0
OTU_553 0 0 0 0 0 0 0 0 0 0 0 0 0 0 0 0 0 2 11 0 0 0 0
OTU_554 0 0 0 0 0 0 0 0 0 0 0 5 1 0 0 0 0 0 0 0 0 0 0
OTU_556 0 0 0 0 2 1 2 6 0 0 0 0 0 0 0 1 8 2 3 0 0 0 0
OTU_557 0 0 0 0 0 0 0 0 0 0 1 0 0 0 1 0 0 0 0 0 8 4 1
OTU_558 0 0 0 0 0 0 0 0 0 0 0 0 0 0 0 22 0 0 0 0 0 0 0
OTU_559 0 0 0 0 0 0 0 0 0 1 0 0 0 0 0 0 0 5 0 3 8 0 0
OTU_560 3 0 0 1 0 0 0 0 0 0 0 1 0 1 0 0 0 0 0 0 0 1 0
OTU_561 0 0 1 0 0 0 0 0 0 0 0 0 0 0 0 4 6 3 0 0 0 0 0
OTU_562 0 0 0 0 0 0 0 0 0 0 1 0 0 0 0 0 0 0 0 6 3 9 5
OTU_565 7 0 0 0 0 0 0 0 0 0 0 2 0 0 0 2 0 2 3 0 0 0 0
OTU_566 0 3 5 9 0 0 0 1 0 0 0 0 0 1 0 0 0 0 0 0 0 0 0
OTU_567 0 0 0 26 0 0 0 0 0 0 0 0 0 0 0 0 0 0 0 0 0 0 0
OTU_568 0 0 1 5 0 0 0 0 0 0 0 0 0 0 0 1 3 3 2 0 3 0 1
OTU_569 0 0 4 16 13 1 0 0 0 0 0 0 0 0 0 0 0 0 0 0 0 1 0
OTU_570 0 0 0 0 0 0 0 0 2 1 8 0 0 0 0 0 0 0 0 0 0 0 0
OTU_571 1 0 1 0 7 0 0 5 0 0 0 0 0 0 0 0 0 0 0 0 0 0 0
OTU_572 0 2 0 8 9 1 6 2 0 0 0 0 0 0 0 0 0 0 0 0 0 0 0
OTU_574 0 0 0 0 0 0 0 0 1 0 6 0 0 0 1 0 0 1 0 0 0 0 0
OTU_576 0 0 0 0 0 0 0 0 0 0 0 21 2 0 1 0 0 0 0 0 0 0 0
OTU_577 1 1 0 0 0 0 1 0 0 0 0 0 0 45 0 0 0 1 0 1 0 0 0
OTU_578 0 0 0 0 0 0 0 0 0 0 0 4 7 2 3 0 0 0 0 0 0 0 0
OTU_581 0 0 0 0 0 0 0 0 0 0 0 0 0 0 0 0 2 21 0 0 0 0 0
OTU_582 2 2 2 3 0 0 0 0 0 0 0 0 0 0 0 0 0 0 3 0 0 0 0
OTU_583 1 0 0 0 0 0 5 2 0 0 0 0 0 0 0 0 1 0 0 1 0 0 0
OTU_584 0 0 0 0 0 0 0 0 0 27 1 0 0 0 0 0 0 0 0 0 0 0 0
OTU_585 0 1 3 9 1 0 0 1 0 0 0 0 0 0 0 0 0 0 0 0 0 0 0
OTU_587 0 0 1 7 1 0 0 0 0 0 0 0 0 0 0 0 0 0 0 0 4 0 0
OTU_588 0 2 1 9 3 0 0 0 0 0 0 0 0 0 0 1 0 0 0 0 0 0 1
OTU_589 0 0 1 1 3 1 3 0 0 0 0 0 0 0 0 0 0 0 0 0 0 0 0
OTU_590 0 9 12 3 0 0 0 0 0 0 0 0 0 0 0 0 0 1 0 0 0 0 0
OTU_591 0 0 0 0 0 0 5 1 0 0 0 0 0 0 0 0 0 0 0 0 0 0 0
OTU_592 0 0 0 0 0 0 0 0 0 1 0 1 1 0 1 0 2 0 0 0 0 0 0
OTU_593 4 1 0 7 0 0 0 0 0 0 0 0 2 0 0 0 0 0 0 0 0 0 0
OTU_597 4 0 0 0 0 0 0 0 0 0 0 3 0 0 0 0 0 0 0 0 0 0 0
OTU_598 1 0 0 0 1 0 0 0 0 0 0 0 1 2 0 4 6 3 2 2 3 0 2
OTU_599 0 0 0 0 0 0 0 0 0 0 0 0 0 0 0 0 0 0 0 6 12 0 0
OTU_600 0 0 0 0 1 0 1 0 0 1 0 0 0 0 2 0 0 0 0 3 2 3 1
OTU_603 0 0 0 0 0 0 0 0 1 0 0 0 0 0 25 0 0 0 0 0 0 0 0
OTU_604 0 0 0 0 0 0 0 0 0 0 0 5 6 0 2 0 0 1 0 0 0 0 0
OTU_605 0 0 0 0 0 0 1 0 0 0 0 1 2 2 3 0 0 0 3 0 1 0 0
OTU_606 0 0 0 2 0 0 0 0 0 0 0 0 1 0 1 0 3 1 0 2 0 2 0
OTU_607 0 0 0 0 0 1 0 0 0 0 0 0 0 1 0 0 0 0 2 2 0 0 0
OTU_608 3 1 0 0 0 0 0 0 0 0 0 0 0 0 0 0 0 1 0 0 1 0 0
OTU_610 1 1 0 3 0 0 0 0 0 0 0 0 0 0 0 0 0 0 0 1 0 0 0
OTU_611 0 2 4 1 0 0 0 0 0 0 0 1 0 0 0 0 0 0 0 0 0 0 0
OTU_614 0 0 0 0 0 0 3 1 0 0 0 0 0 0 0 0 0 0 0 1 0 1 1
OTU_615 0 0 0 0 0 0 0 0 0 0 0 0 1 0 1 0 0 0 0 0 4 1 0
OTU_616 0 0 0 0 0 0 0 0 0 0 0 0 0 0 0 0 0 0 0 0 0 21 4
OTU_619 0 0 0 0 0 0 0 0 0 0 0 4 0 0 1 1 0 0 0 0 0 0 0
OTU_621 0 0 0 3 0 0 0 0 0 0 0 0 0 0 0 19 1 6 0 0 0 0 0
OTU_623 0 0 0 0 0 0 0 0 0 0 0 0 0 0 0 19 3 3 0 0 0 0 0
OTU_624 0 0 0 0 5 2 1 0 0 0 1 0 0 0 0 3 0 1 0 0 0 0 0
OTU_625 0 0 0 0 0 0 0 0 0 0 0 0 0 0 0 0 0 1 0 11 2 0 0
OTU_626 0 0 0 0 0 0 0 0 0 0 0 0 0 0 0 0 0 0 0 5 14 1 0
OTU_627 0 0 0 0 0 0 1 0 0 0 0 2 3 1 0 0 0 0 0 6 11 5 11
OTU_629 1 0 0 1 0 1 0 0 0 0 0 0 1 0 0 0 0 0 0 0 0 0 0
OTU_630 1 0 0 0 0 0 5 1 0 0 0 0 0 0 0 0 0 0 0 0 0 0 0
OTU_632 0 1 0 23 0 0 0 0 0 0 0 0 0 0 0 0 0 0 0 0 0 0 0
OTU_633 0 0 0 0 0 0 0 1 0 0 0 0 2 0 2 0 0 0 0 0 0 0 0
OTU_634 0 0 0 0 0 0 0 0 0 1 1 4 1 6 9 2 0 0 1 0 0 0 0
OTU_636 0 1 1 1 1 0 1 3 0 0 0 0 0 0 0 0 0 0 0 0 0 0 0
OTU_640 0 0 0 0 0 0 0 0 0 0 0 1 0 0 0 0 0 0 0 8 0 6 0
OTU_641 0 1 0 0 0 0 0 0 0 0 0 0 0 0 1 0 0 0 0 0 0 6 8
OTU_643 1 0 0 1 0 0 1 0 0 0 0 2 0 0 1 3 0 0 0 0 0 0 1
OTU_644 0 0 0 1 0 0 0 1 0 0 0 1 0 0 0 0 0 0 1 3 0 0 0
OTU_645 1 0 0 0 1 0 0 0 0 0 0 1 0 0 1 0 1 1 1 0 1 1 0
OTU_647 0 0 0 0 0 0 0 0 0 0 0 0 0 0 0 0 0 5 9 1 0 0 0
OTU_648 0 0 0 1 0 0 0 0 1 0 0 0 0 0 0 0 6 1 12 0 0 0 0
OTU_649 0 1 0 0 0 0 0 0 0 0 0 8 1 0 5 0 0 0 0 0 0 0 0
OTU_650 0 0 0 0 0 0 0 1 0 0 0 16 0 0 0 0 0 0 0 0 0 0 0
OTU_654 0 0 0 0 0 0 0 0 0 0 1 0 0 0 0 0 0 0 0 0 17 0 0
OTU_655 0 0 0 0 0 0 0 0 0 0 0 0 0 0 0 0 0 0 0 0 1 14 0
OTU_656 0 0 0 0 0 0 0 0 0 0 0 2 2 0 2 0 0 0 0 0 0 0 0
OTU_657 1 0 0 1 0 0 0 0 0 0 0 1 0 0 0 1 0 1 1 0 0 2 0
OTU_659 0 0 0 0 0 0 0 0 0 0 0 0 0 0 5 0 0 0 1 0 2 1 6
OTU_661 0 2 1 2 0 0 0 0 0 1 0 0 0 0 0 0 0 1 0 0 1 0 0
OTU_662 6 0 0 0 0 0 0 0 0 0 0 0 0 0 1 0 0 0 0 1 0 1 0
OTU_663 0 2 3 0 0 0 4 0 0 0 0 0 0 0 0 0 0 0 0 0 0 0 0
OTU_664 0 0 0 0 0 1 1 1 0 0 0 0 0 0 0 0 0 0 0 0 0 0 0
OTU_665 6 0 0 0 0 0 0 0 0 0 0 0 0 1 0 0 0 0 0 0 0 0 0
OTU_666 0 0 0 0 2 0 3 0 0 0 0 0 0 0 0 0 0 1 0 0 0 0 0
OTU_667 0 0 1 0 0 1 1 0 0 0 0 0 0 0 0 0 0 0 0 0 0 0 0
OTU_669 0 0 0 0 0 0 0 0 0 4 6 0 0 0 0 0 0 0 0 0 0 0 0
OTU_674 0 1 0 0 0 1 3 1 0 0 0 0 0 0 0 0 1 0 0 0 0 5 1
OTU_678 0 0 0 0 0 0 0 0 0 0 0 1 0 4 5 0 0 0 0 0 0 0 0
OTU_679 2 0 0 0 0 0 0 0 0 0 0 2 0 0 0 0 1 2 2 1 0 0 0
OTU_684 0 0 0 0 0 0 0 0 0 0 0 4 2 0 3 1 0 0 0 0 0 0 0
OTU_685 0 1 0 0 1 0 0 0 0 0 0 1 1 0 2 0 0 0 0 0 0 0 0
OTU_686 0 0 0 0 0 0 0 0 0 0 0 1 0 0 0 15 0 0 0 0 0 0 0
OTU_687 0 0 0 0 0 0 0 0 0 0 0 0 0 1 3 1 3 2 3 0 3 1 0
OTU_688 1 0 0 0 0 0 0 0 0 0 0 0 0 0 0 0 0 0 1 7 1 2 0
OTU_689 0 0 0 0 0 0 0 0 0 0 0 0 0 0 0 0 0 0 0 0 15 10 0
OTU_690 0 0 0 0 0 0 0 0 0 0 0 2 2 0 0 2 0 0 0 0 0 0 0
OTU_691 1 0 0 0 0 0 1 0 0 0 0 1 0 0 0 2 5 1 1 0 0 0 0
OTU_693 3 0 0 0 0 0 1 0 0 1 0 0 1 0 0 3 3 1 1 0 1 3 1
OTU_695 0 0 1 1 0 0 5 0 0 0 0 0 0 0 0 0 0 0 0 0 0 1 0
OTU_698 0 0 0 0 0 1 4 3 0 1 0 0 0 1 0 0 1 0 1 0 0 0 0
OTU_699 1 0 0 0 1 3 2 1 0 0 0 1 0 0 0 0 0 1 0 0 0 0 0
OTU_700 0 0 0 0 0 0 0 1 0 2 5 0 0 0 0 0 0 1 0 0 0 0 0
OTU_702 0 1 2 0 0 0 0 0 0 0 0 0 0 0 0 0 0 0 0 0 0 0 0
OTU_704 0 0 0 0 0 0 0 0 6 0 2 0 0 0 0 0 0 0 0 0 0 0 0
OTU_705 0 0 0 1 0 0 0 0 0 0 0 0 18 1 0 1 0 0 0 0 0 0 0
OTU_707 0 0 0 0 1 0 1 0 0 0 0 1 0 2 14 0 0 1 0 0 0 0 0
OTU_711 0 0 0 0 0 0 0 0 0 0 0 0 0 0 0 12 0 0 0 0 0 0 0
OTU_712 0 0 0 0 0 0 0 0 0 1 0 0 0 0 0 0 10 1 0 0 0 0 0
OTU_715 0 0 0 0 1 0 0 0 0 0 0 1 0 1 0 1 0 0 0 1 30 0 0
OTU_719 1 0 0 0 0 0 0 0 0 0 1 1 1 1 1 0 0 0 0 8 6 3 1
OTU_720 0 0 0 0 0 0 0 0 0 0 0 0 0 0 0 0 0 0 0 2 3 0 3
OTU_721 0 0 0 0 0 0 0 1 0 0 0 0 0 0 0 9 0 1 0 0 1 0 0
OTU_722 0 0 0 0 0 0 0 0 0 0 0 1 0 0 0 10 0 6 0 0 0 0 0
OTU_723 0 0 0 0 0 0 0 0 0 0 0 0 0 0 0 0 12 1 4 0 0 0 0
OTU_726 0 0 0 0 0 0 0 0 0 0 0 10 0 5 0 6 1 0 2 0 0 0 0
OTU_727 0 0 0 0 0 0 0 0 0 0 0 0 3 0 0 0 0 0 1 0 0 4 0
OTU_729 0 0 0 0 0 0 0 0 0 0 0 2 0 0 2 9 0 2 2 0 0 0 0
OTU_731 0 1 0 0 0 0 0 0 0 0 0 0 0 0 0 0 1 4 3 1 6 6 0
OTU_732 1 0 0 0 1 0 1 0 0 0 1 3 0 0 3 1 0 0 1 2 4 1 2
OTU_733 0 0 0 0 0 0 0 0 0 0 0 1 3 0 0 0 0 0 0 0 0 0 0
OTU_734 0 0 0 0 0 0 0 0 0 0 0 7 1 1 0 0 0 0 0 0 1 2 0
OTU_735 0 0 0 0 0 0 0 0 0 0 0 2 1 1 3 0 0 1 1 0 0 0 1
OTU_736 0 0 0 0 0 0 0 0 0 0 0 2 3 2 0 0 0 0 0 0 0 0 0
OTU_737 1 1 0 1 0 0 0 0 0 0 0 1 0 0 0 0 0 1 1 0 1 2 0
OTU_739 0 0 0 0 0 0 0 0 0 0 0 1 0 0 0 1 0 0 0 6 3 5 3
OTU_742 0 1 2 7 0 0 0 0 0 0 0 1 0 0 0 0 0 0 0 0 0 0 0
OTU_743 0 0 0 0 0 0 0 0 0 0 7 0 0 0 0 0 0 0 0 0 0 0 0
OTU_744 2 0 0 1 1 0 1 0 0 0 0 0 0 1 0 0 0 0 0 0 0 0 0
OTU_746 0 0 0 0 4 0 7 6 0 0 0 0 0 0 1 0 15 0 4 1 0 0 0
OTU_747 0 1 3 3 0 1 1 0 0 0 0 0 1 0 0 0 0 0 0 0 0 0 0
OTU_748 0 0 0 2 1 0 7 0 0 0 0 0 0 0 1 0 0 0 0 0 0 0 0
OTU_749 0 0 1 0 1 0 6 10 0 0 0 0 0 0 0 0 0 0 1 0 0 0 0
OTU_750 6 0 0 0 0 0 0 0 0 0 0 0 0 0 0 18 0 0 0 0 0 0 1
OTU_752 0 2 1 0 0 0 0 8 0 0 0 0 0 0 0 0 0 0 0 1 0 0 0
OTU_753 0 0 0 1 1 0 2 2 0 0 0 0 0 0 0 0 3 1 4 0 0 1 0
OTU_755 0 0 0 0 0 0 0 0 0 0 0 6 2 2 6 0 0 0 0 0 0 0 0
OTU_757 0 0 0 0 1 0 0 0 0 0 0 1 2 0 7 6 0 4 0 0 0 0 0
OTU_758 0 0 0 1 0 0 0 0 0 0 0 1 0 5 2 0 0 0 0 0 0 0 1
OTU_759 0 0 0 0 0 0 0 0 0 0 0 0 0 1 2 1 2 3 1 0 0 0 0
OTU_760 0 0 0 0 0 0 0 0 0 0 0 0 1 0 0 0 0 0 0 1 5 0 1
OTU_761 1 0 0 1 0 0 0 0 0 0 0 2 1 1 0 0 0 0 0 0 0 0 0
OTU_762 0 0 0 0 0 0 0 0 0 0 0 0 0 1 0 14 1 0 0 0 0 0 0
OTU_763 0 0 0 0 0 0 0 0 0 0 0 0 0 0 0 0 0 14 0 0 0 0 0
OTU_764 0 0 0 0 0 0 0 0 0 0 0 0 0 0 0 0 0 9 0 0 0 0 1
OTU_765 0 0 0 0 0 0 0 0 0 0 0 0 0 0 0 0 0 1 0 1 1 9 0
OTU_769 0 0 0 0 0 0 0 0 0 0 0 1 1 0 1 3 0 7 0 0 0 0 0
OTU_771 0 0 0 0 0 0 0 0 0 0 0 0 0 3 12 0 1 0 1 0 0 1 1
OTU_772 0 0 0 0 0 0 0 0 0 0 0 1 0 0 8 4 0 0 0 0 0 0 0
OTU_773 0 0 0 0 0 0 0 0 0 0 0 4 0 0 25 0 0 0 0 0 0 0 0
OTU_775 0 0 0 0 0 0 0 0 0 0 0 3 0 0 5 0 0 0 0 0 0 0 0
OTU_776 0 0 0 0 0 0 0 0 0 0 0 1 2 3 3 0 0 0 0 0 0 0 0
OTU_777 0 0 0 0 0 0 0 0 0 0 0 0 0 2 1 2 0 0 2 0 1 0 0
OTU_778 0 0 0 0 0 0 0 0 0 0 0 0 0 0 0 0 0 14 0 0 0 0 0
OTU_779 1 2 0 5 0 0 0 0 0 0 0 0 0 0 0 0 0 0 0 0 0 0 0
OTU_780 0 0 0 0 0 0 0 0 0 0 0 1 0 2 9 0 0 0 0 0 0 0 0
OTU_785 0 1 4 6 0 0 0 0 0 0 0 0 0 0 0 0 0 0 0 0 0 0 0
OTU_786 0 2 5 2 0 0 0 0 0 0 0 0 0 0 0 0 0 0 0 0 0 0 0
OTU_788 0 0 1 0 4 0 1 2 0 0 0 0 0 0 0 0 0 0 0 0 0 0 0
OTU_789 0 5 4 2 0 0 0 0 1 0 0 0 0 0 1 0 0 0 0 0 0 0 0
OTU_790 0 1 0 2 1 0 0 2 0 0 0 0 0 0 0 0 0 0 0 0 0 0 0
OTU_791 0 0 0 0 5 1 0 0 0 0 0 0 0 0 0 0 0 0 0 0 0 0 0
OTU_792 0 0 0 0 0 5 1 0 0 0 0 0 0 0 0 0 0 0 0 0 0 0 0
OTU_793 0 0 0 0 0 0 0 0 5 1 6 0 0 0 0 0 0 0 0 0 0 0 0
OTU_795 0 2 2 4 0 0 0 0 0 0 0 0 0 0 0 0 0 0 0 0 0 0 0
OTU_797 0 2 4 1 3 0 0 0 0 0 0 0 0 0 0 0 0 0 0 0 0 0 0
OTU_800 0 0 0 0 1 1 1 0 0 0 0 3 1 3 2 0 1 0 0 0 0 0 0
OTU_802 0 0 0 0 0 0 0 1 0 0 0 0 0 0 0 1 10 1 0 0 0 0 0
OTU_804 1 0 0 5 0 0 1 0 0 0 0 0 0 0 0 1 0 0 1 0 0 0 0
OTU_805 0 1 2 0 0 0 0 0 0 0 0 0 0 0 0 0 0 0 0 4 0 3 0
OTU_806 0 0 0 0 0 0 0 0 0 0 0 2 4 2 3 0 0 0 3 3 0 0 0
OTU_808 0 0 0 0 0 0 0 0 0 0 0 0 0 0 0 0 6 0 6 6 2 2 0
OTU_809 0 0 0 0 0 0 0 0 0 0 0 0 0 0 0 0 0 0 0 0 11 0 0
OTU_811 1 0 0 0 0 0 0 0 0 0 0 5 0 4 3 0 1 0 0 0 0 0 0
OTU_813 0 0 0 0 0 0 0 0 0 0 0 2 0 0 18 0 0 0 0 0 0 0 0
OTU_815 3 0 0 2 0 0 0 0 0 0 0 0 0 0 0 0 0 0 1 0 0 0 0
OTU_816 0 0 0 0 0 0 0 0 0 0 0 0 0 0 0 0 3 11 2 0 0 1 0
OTU_817 0 0 0 0 0 0 0 0 0 0 0 0 0 0 0 0 0 0 9 0 1 0 0
OTU_818 0 0 0 0 0 0 1 0 0 0 0 0 0 0 0 0 0 0 0 6 5 1 0
OTU_819 0 0 0 0 0 0 0 0 0 0 0 0 0 0 0 0 0 0 8 4 1 2 1
OTU_820 5 1 0 0 1 0 0 0 0 0 0 3 0 1 5 0 0 1 0 0 0 0 0
OTU_822 0 0 0 0 0 0 0 0 0 0 0 0 0 0 0 0 7 0 3 0 0 0 0
OTU_823 0 0 0 0 0 0 0 0 0 0 0 1 0 0 0 0 0 0 9 0 0 0 0
OTU_835 0 1 1 9 1 0 0 0 0 0 0 0 0 0 0 1 0 0 0 0 0 0 0
OTU_837 0 2 5 2 0 0 0 0 0 0 1 0 0 0 0 0 0 0 0 0 0 0 0
OTU_838 0 0 0 0 0 0 0 0 0 0 7 0 0 0 0 0 0 0 0 0 0 0 0
OTU_839 2 0 0 0 0 0 0 0 0 0 0 0 2 0 1 0 1 0 0 1 0 0 0
OTU_841 0 0 0 0 13 0 0 0 0 0 0 0 0 0 0 0 0 0 0 0 0 0 0
OTU_844 0 0 0 0 1 2 0 0 0 0 0 0 0 0 0 1 2 4 0 0 0 0 0
OTU_845 0 0 0 0 4 0 1 0 0 0 0 0 0 0 1 0 0 0 0 0 0 0 1
OTU_849 0 0 0 0 0 0 0 0 0 0 0 0 4 0 0 0 0 0 0 0 0 0 0
OTU_852 0 0 0 0 0 0 0 1 0 0 0 0 0 0 4 1 0 0 0 1 0 0 0
OTU_856 0 0 0 0 0 0 0 0 0 0 0 0 0 0 0 5 0 0 0 4 0 0 0
OTU_858 0 0 0 0 0 0 0 0 0 0 0 0 0 0 0 0 0 0 0 13 0 0 0
OTU_860 0 0 0 0 0 0 0 0 0 0 0 0 0 0 0 0 0 0 0 0 10 0 0
OTU_861 0 0 0 0 0 0 0 0 0 0 0 1 1 0 3 0 0 0 0 0 0 0 0
OTU_862 0 0 0 0 0 0 0 0 0 0 0 4 0 0 2 0 0 0 0 0 0 0 0
OTU_863 0 0 0 0 0 0 0 0 0 0 0 0 0 0 3 0 0 0 0 2 4 2 0
OTU_864 0 0 0 0 0 0 0 0 0 0 0 0 0 0 0 0 0 7 14 0 0 0 0
OTU_865 0 0 0 0 0 0 0 0 0 0 0 0 0 0 0 0 0 16 0 0 0 0 0
OTU_866 0 0 1 0 0 0 0 0 0 0 0 0 0 1 1 0 0 19 1 0 0 0 0
OTU_867 0 0 0 0 0 0 0 0 0 0 0 0 0 0 0 0 0 0 0 28 0 0 0
OTU_868 0 1 0 0 0 0 0 0 0 0 0 0 0 1 0 1 0 0 0 0 1 0 3
OTU_870 0 0 0 0 0 0 0 0 0 0 0 7 1 4 1 0 0 0 0 0 0 0 0
OTU_876 0 0 0 0 0 0 0 0 0 0 0 0 0 0 0 0 0 0 0 21 0 0 0
OTU_877 0 0 0 0 1 0 0 0 0 0 0 2 2 0 3 0 0 0 0 0 1 0 0
OTU_881 0 1 1 0 1 0 0 0 0 0 0 1 0 0 0 0 2 2 2 3 3 1 0
OTU_882 2 0 2 0 0 0 0 0 0 1 1 0 1 0 0 0 0 0 0 0 0 0 0
OTU_885 0 0 0 0 1 1 0 1 0 0 0 0 0 0 0 0 0 0 0 2 0 0 0
OTU_888 0 1 0 4 1 0 0 1 0 0 0 0 0 0 0 0 0 0 0 0 1 0 0
OTU_890 3 0 0 0 0 0 0 0 0 0 0 0 0 0 0 0 0 6 4 0 0 0 0
OTU_891 0 6 8 1 0 0 0 0 0 0 0 0 0 0 0 0 0 0 0 0 0 0 0
OTU_892 0 0 2 2 3 1 0 0 0 0 0 0 0 0 0 0 0 0 0 0 0 0 0
OTU_893 1 0 1 7 0 0 0 0 0 0 0 0 0 0 0 4 0 0 0 0 0 0 0
OTU_895 3 3 0 3 0 0 0 0 0 0 0 0 0 0 0 0 0 0 0 0 0 0 0
OTU_896 0 0 0 0 4 0 27 0 0 0 0 0 0 0 0 0 0 0 0 0 0 0 0
OTU_897 0 1 0 0 1 0 0 0 0 1 0 0 0 0 0 0 0 0 0 3 0 1 2
OTU_898 0 0 0 0 0 1 0 0 0 0 0 0 0 0 0 0 12 0 0 0 0 0 0
OTU_899 0 0 0 0 2 3 10 6 0 0 0 0 0 0 0 0 0 1 0 0 0 0 0
OTU_903 0 0 0 12 0 0 0 0 0 0 0 0 0 0 0 0 0 0 0 0 0 0 0
OTU_909 0 0 0 0 1 3 0 1 0 0 0 0 0 0 0 0 0 0 0 0 0 1 0
OTU_910 0 0 0 0 0 2 0 1 0 0 0 0 0 0 0 0 0 0 0 0 0 0 0
OTU_911 0 0 0 0 0 0 0 0 0 5 10 0 0 0 0 0 0 0 0 0 1 0 0
OTU_913 0 0 0 0 0 0 0 0 0 0 0 3 0 1 1 1 0 0 0 0 0 0 0
OTU_915 0 0 0 0 0 0 0 0 0 0 0 0 0 0 7 0 0 0 0 0 0 0 0
OTU_925 1 0 0 0 0 0 0 0 0 1 0 0 0 2 0 0 0 1 0 2 0 0 1
OTU_926 0 0 0 0 0 0 0 0 0 0 0 2 1 1 3 2 2 2 0 0 0 0 0
OTU_927 1 0 0 0 0 0 0 0 0 0 0 3 0 1 1 0 0 0 0 0 0 0 0
OTU_928 3 1 0 0 0 0 0 0 0 0 0 1 0 0 0 0 0 0 0 0 0 0 0
OTU_929 0 0 0 0 1 0 0 0 0 0 0 0 3 0 0 0 0 0 0 0 0 0 0
OTU_932 0 0 0 0 1 0 0 0 0 1 0 0 0 0 0 6 0 0 0 0 0 0 0
OTU_933 0 0 0 0 1 0 0 0 0 0 0 0 2 1 0 0 1 0 0 1 0 0 0
OTU_934 0 0 0 0 0 0 0 0 0 0 0 0 0 0 0 0 3 1 9 0 0 1 0
OTU_937 0 0 1 0 0 0 0 0 0 0 0 4 2 1 6 2 0 0 0 0 0 0 0
OTU_938 0 0 0 0 0 0 0 0 0 0 0 9 0 11 0 0 0 0 5 0 0 0 0
OTU_939 0 0 0 0 0 0 0 1 0 0 0 2 0 1 5 0 0 0 0 0 0 0 0
OTU_940 0 0 0 0 0 0 0 0 0 0 0 0 0 0 7 1 0 0 0 0 0 0 0
OTU_941 0 0 0 0 0 0 0 0 0 0 0 0 1 2 2 0 1 0 1 0 0 0 0
OTU_942 0 0 0 0 0 0 0 0 0 0 0 2 0 0 3 4 0 1 1 0 0 0 0
OTU_944 0 0 0 0 0 0 0 0 0 0 0 5 1 3 2 11 2 5 2 0 0 0 0
OTU_948 1 0 0 0 1 0 0 0 0 0 0 1 0 2 3 0 0 0 0 0 2 1 0
OTU_950 0 0 0 0 0 0 0 0 0 0 0 0 3 1 1 0 0 0 0 0 0 0 0
OTU_951 0 0 0 0 0 0 0 0 0 0 0 5 1 0 0 0 0 0 0 1 0 0 0
OTU_954 0 0 0 0 0 0 0 0 0 0 0 0 0 0 0 0 6 2 8 0 0 0 0
OTU_958 0 0 0 0 0 0 0 0 0 0 0 2 0 0 0 0 0 4 4 0 0 0 0
OTU_959 1 0 0 0 0 0 0 0 0 0 0 0 1 0 2 1 0 0 0 0 0 0 0
OTU_960 0 4 3 2 0 0 0 0 0 0 0 0 0 0 0 0 0 0 0 0 0 0 0
OTU_961 0 2 1 0 0 1 0 0 0 0 0 0 0 0 0 0 0 0 0 0 0 0 0
OTU_968 0 1 1 1 0 1 0 0 0 0 0 0 0 0 0 0 1 0 0 0 0 0 0
OTU_969 0 0 0 0 0 0 0 2 0 0 0 0 0 0 2 0 1 0 0 0 0 1 1
OTU_970 0 3 1 4 0 0 2 0 0 0 0 0 0 0 0 0 0 0 0 0 0 1 0
OTU_975 0 2 1 1 0 0 0 0 0 0 0 0 0 0 0 0 0 0 0 0 0 0 0
OTU_976 0 3 2 1 0 0 0 0 0 0 0 0 0 1 0 0 0 0 0 0 0 0 0
OTU_977 0 3 0 4 0 0 0 0 0 0 0 0 0 0 0 0 0 0 0 0 0 0 0
OTU_979 0 0 0 0 4 1 0 0 0 1 0 0 0 0 0 0 0 0 0 1 0 0 0
OTU_980 0 0 2 0 0 0 2 1 0 0 0 0 0 0 0 1 0 0 0 0 0 0 0
OTU_981 0 0 0 0 2 1 0 1 0 0 0 0 0 0 0 0 0 0 0 0 0 0 0
OTU_982 0 0 4 4 0 0 0 0 0 1 0 0 0 0 0 0 0 0 0 0 0 0 0
OTU_983 0 0 0 0 0 0 0 0 4 0 9 0 0 0 1 0 0 0 0 0 0 0 0
OTU_987 2 0 1 0 0 0 0 0 0 0 0 1 0 0 0 0 0 0 0 0 0 0 0
OTU_988 0 1 1 6 0 0 0 0 0 0 0 0 0 0 0 0 0 0 0 0 0 0 0
OTU_989 0 5 3 2 0 0 0 0 1 1 0 0 0 0 0 0 0 1 0 0 0 0 0
OTU_990 0 0 0 0 4 0 2 0 0 0 0 1 0 0 0 0 1 1 0 0 0 0 0
OTU_991 0 0 0 0 6 0 0 0 0 0 0 0 0 0 0 0 0 0 0 0 0 0 0
OTU_1002 3 0 0 2 0 0 0 0 0 0 0 0 1 0 1 0 0 0 0 0 0 0 0
OTU_1003 0 0 2 0 0 0 0 0 0 0 0 0 0 0 0 1 2 1 0 0 0 0 0
OTU_1004 0 0 0 0 0 0 2 0 0 0 0 0 0 0 0 0 0 9 0 0 0 0 0
OTU_1006 0 0 0 0 0 0 0 0 0 0 0 0 0 0 0 0 0 0 0 5 11 3 0
OTU_1011 0 0 0 0 0 0 0 0 0 0 0 1 3 1 1 0 1 0 0 0 0 0 0
OTU_1019 2 0 0 0 0 0 0 0 0 0 0 1 0 2 2 0 0 0 0 0 0 0 0
OTU_1020 0 0 0 0 0 0 0 0 0 0 0 5 0 7 5 0 0 0 0 1 0 0 0
OTU_1021 0 0 0 0 0 0 0 0 0 0 0 0 0 0 12 0 0 0 0 0 0 0 0
OTU_1022 0 0 0 0 0 0 0 0 0 0 0 0 0 2 5 7 0 0 0 0 0 0 0
OTU_1023 0 0 0 0 0 0 0 0 0 0 0 0 4 0 7 0 0 0 0 0 0 0 0
OTU_1025 0 0 0 1 0 0 0 0 0 0 0 2 2 0 3 0 0 0 0 0 0 0 0
OTU_1026 0 0 0 0 0 0 0 0 0 0 0 1 0 0 8 0 0 1 0 0 0 0 0
OTU_1027 0 0 0 0 0 0 0 0 0 0 0 0 0 0 0 6 1 2 0 0 0 0 0
OTU_1028 3 0 0 0 0 0 0 0 0 0 0 0 0 0 0 3 0 1 1 0 1 0 1
OTU_1029 0 0 0 0 0 0 0 0 0 0 0 0 0 0 0 0 17 0 0 6 23 2 1
OTU_1030 0 0 0 0 0 0 0 1 0 0 0 0 0 0 0 0 1 6 0 0 0 0 0
OTU_1032 0 0 0 0 0 0 0 0 0 0 0 1 0 0 1 0 0 2 9 0 0 0 0
OTU_1036 0 0 0 0 0 0 0 0 0 0 0 0 0 0 0 0 0 0 0 3 9 0 0
OTU_1037 0 0 0 0 0 0 0 0 0 0 0 0 0 0 0 0 0 5 0 0 0 4 1
OTU_1042 1 0 0 0 0 0 0 1 0 0 0 0 1 0 1 9 0 0 0 0 0 0 0
OTU_1048 0 3 3 5 1 1 2 0 0 1 0 0 0 1 0 0 2 0 0 0 2 1 0
OTU_1052 0 0 0 0 1 5 2 0 0 0 0 0 0 0 0 0 0 0 0 1 0 0 0
OTU_1056 0 0 2 8 1 0 0 0 0 0 0 1 0 0 0 0 0 0 0 0 0 0 0
OTU_1058 0 1 4 0 0 0 0 1 0 0 0 0 0 0 0 0 0 0 0 0 0 0 0
OTU_1060 0 6 1 2 0 0 0 0 0 0 0 0 0 0 1 0 0 0 0 0 0 0 0
OTU_1062 1 0 0 0 0 0 3 1 0 0 0 0 0 0 0 0 0 0 0 0 0 0 0
OTU_1063 18 0 0 0 0 0 0 0 0 0 0 0 0 0 0 0 0 0 0 0 0 0 0
OTU_1064 0 2 2 3 0 0 0 0 0 0 0 0 0 0 0 0 0 0 0 0 0 0 0
OTU_1065 0 1 1 2 0 0 0 0 0 0 0 0 0 0 0 0 0 0 1 0 0 0 0
OTU_1067 0 0 0 5 0 1 0 0 0 0 0 0 0 0 0 0 0 0 0 0 1 0 0
OTU_1068 0 1 0 0 3 0 2 0 0 0 0 0 0 0 0 0 0 0 0 0 0 0 0
OTU_1069 0 0 0 6 0 2 5 7 0 0 0 0 0 0 0 7 0 0 1 1 0 0 0
OTU_1070 0 1 1 0 1 4 0 0 0 0 0 0 0 0 0 0 0 0 0 0 0 0 0
OTU_1071 0 0 0 0 0 8 0 1 0 0 0 0 0 0 0 0 0 0 0 0 0 0 0
OTU_1072 0 0 0 0 0 0 10 0 0 0 0 0 0 0 0 0 0 0 0 0 0 0 0
OTU_1078 0 1 0 4 0 0 0 0 0 0 1 0 0 0 0 0 1 0 0 0 0 0 0
OTU_1079 0 0 0 0 1 3 0 1 0 0 0 0 0 0 0 0 0 0 0 0 0 0 0
OTU_1085 1 0 0 4 0 0 0 0 1 0 0 1 0 0 0 0 0 0 0 0 0 0 0
OTU_1086 0 0 0 0 0 0 0 0 0 0 0 0 1 1 4 0 0 0 0 0 0 0 0
OTU_1088 0 0 0 0 0 0 0 0 0 0 0 3 1 4 0 2 0 1 0 0 0 0 0
OTU_1090 0 0 0 0 0 0 0 0 0 0 0 2 6 1 1 0 0 0 0 0 0 0 0
OTU_1092 0 0 0 3 0 0 0 0 0 0 0 1 1 0 0 0 1 0 0 0 0 1 0
OTU_1093 0 0 0 0 0 0 0 1 0 0 1 0 0 0 0 0 0 0 0 12 0 0 0
OTU_1096 0 0 0 0 0 0 0 0 0 0 0 0 0 0 0 4 1 0 1 1 2 1 0
OTU_1098 0 0 0 0 0 0 0 0 0 0 0 0 0 0 0 0 0 1 0 7 1 7 1
OTU_1101 0 0 0 0 0 0 0 0 0 0 0 1 1 3 0 4 0 0 0 0 0 0 0
OTU_1102 0 0 0 0 0 0 0 0 0 0 0 1 1 1 3 0 0 0 0 0 0 0 0
OTU_1103 0 0 0 0 0 0 0 0 0 0 0 4 1 0 1 0 0 0 0 0 0 1 0
OTU_1105 0 0 0 0 0 0 0 0 0 0 0 0 0 0 0 1 0 8 0 0 0 0 0
OTU_1108 0 0 0 0 0 0 0 0 0 0 0 0 0 0 1 0 0 0 0 3 2 0 3
OTU_1112 0 0 0 1 0 0 0 0 0 0 0 0 0 0 0 0 0 0 0 0 11 1 2
OTU_1115 0 0 0 0 0 0 0 1 0 0 0 1 0 3 12 0 0 0 0 0 0 0 0
OTU_1117 0 0 0 0 0 1 0 0 0 0 0 0 0 0 1 1 0 1 0 1 0 0 0
OTU_1120 0 0 0 0 0 0 0 0 0 0 0 0 1 0 0 0 1 5 1 0 0 0 0
OTU_1121 5 0 0 0 0 0 0 0 0 0 0 0 0 0 0 0 1 1 2 0 0 0 0
OTU_1122 0 0 0 0 0 0 0 0 0 0 0 0 0 0 0 0 0 0 11 0 0 0 0
OTU_1123 0 0 0 0 0 0 0 0 0 0 0 0 2 0 0 0 1 0 4 0 0 0 0
OTU_1125 0 0 0 0 0 0 0 0 0 0 0 0 0 2 1 0 0 0 1 2 5 0 0
OTU_1128 0 0 0 0 0 0 0 0 0 0 0 0 0 0 0 0 0 0 0 2 9 0 0
OTU_1129 0 0 0 0 0 0 0 0 0 0 0 0 0 0 0 0 0 0 0 0 9 0 0
OTU_1133 0 0 0 0 0 0 0 0 0 0 0 0 0 0 0 0 0 0 0 0 0 0 12
OTU_1137 0 0 0 0 0 0 2 0 0 0 0 3 0 1 0 0 0 0 0 0 0 0 0
OTU_1138 0 0 0 1 0 0 0 0 0 0 0 0 1 5 1 0 1 0 0 0 0 0 0
OTU_1139 0 0 0 0 0 0 0 0 0 0 0 0 0 0 0 4 0 10 0 0 0 0 0
OTU_1141 0 0 0 0 1 0 0 0 0 0 0 2 0 1 4 0 0 0 0 0 0 0 0
OTU_1142 0 0 0 9 0 0 0 3 0 0 0 1 0 0 0 0 0 0 0 0 0 0 0
OTU_1146 1 0 0 0 0 0 0 0 0 0 0 0 0 0 0 0 0 0 0 6 12 4 2
OTU_1147 0 0 0 0 0 0 0 0 0 0 0 0 0 0 4 1 0 0 0 0 2 1 0
OTU_1150 3 0 0 0 0 0 0 0 0 0 0 0 0 0 0 4 4 0 0 0 0 1 0
OTU_1151 3 0 0 0 0 0 0 0 0 0 0 0 0 0 0 0 0 0 0 0 1 0 1
OTU_1160 4 0 0 0 0 0 0 0 0 0 0 3 0 0 0 0 0 0 0 0 0 0 0
OTU_1164 1 0 1 4 1 0 0 0 0 1 0 1 0 0 0 0 0 0 0 0 0 0 0
OTU_1167 0 2 0 4 0 0 0 0 0 0 0 0 0 0 0 1 0 0 0 0 0 0 0
OTU_1168 0 0 2 4 0 0 0 0 0 0 0 0 0 0 0 0 0 0 0 0 0 0 0
OTU_1169 0 2 0 2 1 0 0 0 0 0 0 0 0 1 0 0 0 0 0 0 0 0 0
OTU_1173 0 0 0 0 1 0 2 0 0 0 0 0 0 0 0 0 8 0 0 0 0 1 0
OTU_1178 0 4 4 2 1 0 0 1 0 0 0 0 0 0 0 0 0 0 0 1 0 0 0
OTU_1180 1 2 1 1 0 0 1 0 0 0 0 0 0 0 0 0 0 0 0 1 0 3 0
OTU_1181 0 1 0 2 0 1 0 0 0 0 0 0 0 0 0 0 0 0 0 0 0 0 0
OTU_1182 0 0 0 2 0 0 2 3 0 0 0 0 0 0 0 0 0 0 0 0 0 0 0
OTU_1183 0 2 0 2 0 1 7 2 0 0 0 0 0 1 1 0 0 0 0 0 0 0 0
OTU_1184 0 0 0 0 0 0 3 1 0 0 0 0 0 0 0 0 1 0 0 0 0 0 0
OTU_1186 0 0 0 0 0 0 2 2 0 0 0 0 0 0 0 0 0 0 0 0 0 0 0
OTU_1187 0 0 0 6 0 0 1 1 0 0 0 0 0 0 0 0 0 0 0 0 0 0 0
OTU_1188 0 2 0 0 0 0 0 1 0 0 0 0 0 0 0 0 0 0 0 1 0 0 0
OTU_1193 0 0 0 0 0 0 0 0 0 0 10 0 0 0 0 0 0 0 0 0 0 0 0
OTU_1195 0 2 1 0 0 0 0 0 0 0 0 0 0 0 0 0 0 0 0 0 0 0 0
OTU_1198 0 3 3 0 0 0 0 0 0 0 0 0 0 0 0 0 1 0 0 0 1 1 0
OTU_1201 0 0 2 1 1 0 1 1 0 0 0 0 0 0 0 0 0 0 0 0 0 0 0
OTU_1202 0 0 0 0 2 0 3 0 0 0 1 0 0 0 0 0 0 0 0 0 0 0 0
OTU_1205 0 0 1 2 0 0 1 0 0 0 0 0 0 1 0 1 0 0 0 2 2 1 0
OTU_1212 0 0 0 0 0 0 0 0 0 0 0 1 0 2 1 0 2 2 0 0 0 0 0
OTU_1216 0 1 0 0 0 0 0 0 1 0 0 0 0 0 0 0 6 0 4 0 0 1 0
OTU_1218 0 0 0 0 1 1 1 0 0 0 0 0 0 0 0 0 1 2 5 0 0 0 0
OTU_1219 0 0 0 0 0 0 0 0 0 0 0 2 1 1 2 0 1 0 0 0 0 1 0
OTU_1221 0 0 0 0 1 0 0 0 0 0 0 0 1 0 0 0 3 2 0 4 0 0 0
OTU_1232 0 0 0 0 0 0 0 0 0 0 0 3 0 4 0 0 0 0 0 0 0 0 0
OTU_1236 0 0 0 0 0 0 1 0 0 0 0 0 0 0 0 0 10 0 0 0 0 0 0
OTU_1237 0 0 0 0 0 0 0 3 0 0 0 0 0 0 0 0 20 0 0 0 0 0 0
OTU_1244 0 0 1 1 0 2 0 0 0 0 0 0 0 0 0 0 0 0 0 1 1 0 0
OTU_1246 0 0 0 1 0 0 0 0 0 0 0 1 2 0 0 0 3 0 0 0 0 0 0
OTU_1248 0 0 0 0 0 0 0 0 0 0 0 0 0 0 0 3 0 5 0 0 0 0 0
OTU_1249 0 0 0 0 0 0 0 0 0 0 0 0 0 0 0 11 0 0 0 0 0 0 0
OTU_1250 0 0 0 0 0 0 0 0 0 0 0 0 0 0 0 5 0 0 0 0 4 0 1
OTU_1251 0 1 0 2 0 0 0 0 0 0 0 0 0 0 0 2 2 1 0 0 0 0 0
OTU_1253 1 0 1 0 2 0 0 1 0 0 0 0 0 0 0 0 0 0 1 0 0 0 0
OTU_1255 0 0 0 0 0 0 0 0 0 0 0 0 0 0 0 0 0 0 0 3 9 0 0
OTU_1257 0 0 0 3 0 0 0 0 0 0 1 0 0 0 0 0 0 0 0 0 5 0 0
OTU_1260 0 0 0 0 0 0 1 0 0 0 0 0 0 0 0 0 0 0 0 0 3 1 3
OTU_1263 0 0 0 0 0 0 1 0 0 0 0 2 1 0 0 0 0 1 0 0 0 0 0
OTU_1265 0 0 0 0 0 0 0 0 0 0 0 0 0 0 7 0 0 0 0 1 0 1 0
OTU_1272 0 0 0 0 0 0 0 0 0 0 0 0 0 0 0 0 12 0 0 0 0 0 0
OTU_1274 0 0 0 0 0 0 0 0 0 0 0 0 0 0 0 0 0 7 0 0 1 0 0
OTU_1277 0 0 0 0 0 0 0 0 0 0 0 0 0 0 0 0 0 0 0 0 10 0 0
OTU_1282 2 1 1 3 0 0 0 0 0 0 0 0 0 0 0 0 0 0 0 0 0 0 0
OTU_1283 0 0 2 2 0 0 0 0 0 0 0 0 0 0 0 0 0 0 0 0 0 0 0
OTU_1285 0 0 0 0 2 3 0 0 0 0 0 0 0 0 0 0 0 0 0 0 0 0 0
OTU_1286 2 0 0 0 0 0 0 0 0 0 0 1 1 0 0 0 1 0 1 0 0 0 0
OTU_1291 0 0 0 0 0 0 0 6 0 0 0 0 0 0 0 0 0 0 0 0 0 0 0
OTU_1301 0 0 1 0 0 2 1 0 0 0 0 0 0 0 0 0 0 0 0 0 0 0 0
OTU_1304 1 2 2 2 0 0 0 0 0 0 0 0 0 0 0 0 0 0 0 0 0 0 0
OTU_1308 0 0 0 0 0 0 0 5 0 0 0 0 0 0 0 0 0 0 0 0 0 0 0
OTU_1309 0 0 0 0 0 0 0 0 0 12 0 0 0 1 0 0 0 0 0 0 0 0 0
OTU_1312 0 1 2 0 4 2 2 2 0 0 0 0 0 0 0 0 0 0 4 0 0 0 0
OTU_1313 0 0 1 2 0 0 0 1 0 0 0 0 0 0 0 0 0 0 0 0 0 0 0
OTU_1314 0 1 2 0 0 0 0 0 0 0 0 1 0 0 0 1 0 0 0 0 0 0 0
OTU_1315 1 0 0 7 0 0 0 0 0 0 0 0 0 0 0 0 0 0 0 1 0 0 0
OTU_1316 0 0 2 1 0 0 1 1 0 0 0 0 0 0 0 0 0 0 0 0 0 0 0
OTU_1320 0 0 0 13 0 0 0 0 0 0 0 0 0 0 0 0 0 0 0 0 0 0 0
OTU_1322 0 0 0 8 0 0 0 0 0 0 0 0 0 0 0 0 1 0 0 0 0 0 0
OTU_1323 1 0 0 2 3 0 0 0 0 0 0 0 0 0 0 0 0 0 0 0 0 0 0
OTU_1324 0 2 3 4 1 0 0 0 0 0 0 0 0 0 0 0 0 0 0 0 0 0 0
OTU_1325 0 1 0 1 3 0 2 0 0 0 0 0 0 0 0 0 0 0 0 0 0 0 0
OTU_1327 0 0 0 0 0 0 0 4 0 0 0 0 0 0 0 0 0 0 0 0 0 0 2
OTU_1328 0 0 0 0 0 0 3 7 0 0 0 0 0 0 0 0 0 0 0 0 0 0 0
OTU_1336 0 1 1 2 0 0 0 0 0 0 0 0 0 0 0 0 0 0 0 1 0 0 0
OTU_1337 0 6 4 0 0 0 0 0 0 0 1 0 0 0 0 0 0 0 0 0 0 0 0
OTU_1338 0 0 2 0 0 0 0 1 0 0 0 0 0 0 0 0 0 0 0 0 0 0 0
OTU_1347 2 1 1 0 0 0 0 0 0 0 0 0 0 0 0 0 0 0 0 0 0 0 0
OTU_1363 0 1 1 2 0 0 0 0 0 0 0 0 0 0 0 0 0 0 0 0 0 0 0
OTU_1381 0 0 0 0 0 0 0 0 0 0 0 2 1 2 4 0 0 0 0 0 0 0 0
OTU_1382 2 0 0 0 0 0 0 0 0 0 0 3 1 3 5 8 3 1 4 0 0 0 0
OTU_1386 0 0 0 0 0 2 0 0 0 0 0 0 0 0 0 1 0 0 0 0 0 0 0
OTU_1389 0 0 0 0 0 0 0 0 0 0 0 0 0 0 0 8 0 0 0 0 0 1 0
OTU_1393 0 0 0 0 0 0 0 0 0 0 0 0 0 0 0 0 5 0 4 0 0 0 0
OTU_1401 0 1 2 1 0 0 0 0 0 0 0 0 0 0 0 0 0 0 0 0 0 1 0
OTU_1408 2 0 0 0 0 0 0 0 0 0 0 1 0 2 2 0 0 0 0 0 0 0 0
OTU_1410 0 0 0 0 0 0 0 0 0 0 0 0 0 1 13 0 0 0 0 0 0 0 0
OTU_1416 0 0 0 0 0 0 0 0 0 0 0 0 0 5 0 0 3 0 2 0 0 0 0
OTU_1424 0 0 0 0 0 0 0 0 0 0 0 0 0 0 0 0 0 0 0 0 11 0 0
OTU_1429 0 0 0 0 0 0 0 0 0 0 0 0 0 0 0 0 0 0 0 0 0 11 2
OTU_1432 0 0 1 1 0 0 0 1 0 0 0 0 2 0 0 0 0 0 0 1 4 0 0
OTU_1437 0 0 0 0 0 0 0 0 0 0 0 0 1 2 3 0 0 0 0 0 0 0 0
OTU_1469 1 0 0 8 0 0 0 0 0 0 0 0 0 0 0 0 0 0 0 0 0 0 0
OTU_1476 0 0 1 6 0 0 0 0 0 0 0 0 0 0 0 0 0 0 0 0 0 0 0
OTU_1477 0 0 2 2 0 0 0 0 0 0 0 0 0 0 0 0 0 0 0 0 0 0 0
OTU_1485 8 0 0 0 0 0 0 0 0 0 0 0 0 0 0 0 0 0 0 0 0 0 0
OTU_1486 3 0 0 0 0 0 0 0 0 0 0 0 1 0 0 0 0 0 0 0 0 0 0
OTU_1487 3 0 0 0 0 0 0 1 0 0 0 2 0 0 0 0 0 0 0 0 1 0 0
OTU_1489 9 0 0 0 0 0 0 0 0 0 0 0 0 0 0 0 0 0 0 0 0 0 0
OTU_1490 5 0 0 0 0 0 0 0 0 0 0 0 0 0 0 0 0 0 0 0 0 0 0
OTU_1491 0 3 0 0 0 0 0 1 0 0 0 0 0 0 0 0 0 0 0 0 0 0 0
OTU_1492 0 4 4 0 0 0 0 0 0 0 0 0 0 0 0 0 0 0 0 0 0 0 0
OTU_1493 0 3 2 0 0 0 0 0 0 0 0 0 0 1 0 0 0 0 0 0 0 0 0
OTU_1494 0 0 0 14 0 0 0 0 0 0 0 0 0 0 0 0 0 0 1 0 0 0 0
OTU_1497 0 0 0 0 6 0 0 0 0 0 0 0 0 0 0 0 0 0 0 0 0 0 0
OTU_1501 0 0 0 0 1 0 10 0 0 0 0 0 0 0 0 0 0 0 0 0 0 0 0
OTU_1505 0 0 0 0 0 0 0 0 0 0 1 5 0 0 0 0 0 0 0 0 0 0 0
OTU_1512 0 0 0 2 0 0 0 1 0 0 0 0 0 2 2 2 0 0 2 0 0 0 0
OTU_1513 0 0 0 0 1 0 5 0 0 0 0 0 0 0 0 0 0 0 0 0 0 0 0
OTU_1519 0 0 0 0 0 2 1 0 0 0 0 0 0 0 0 0 0 0 0 0 0 0 0
OTU_1536 0 1 0 0 0 0 0 0 0 0 0 0 0 0 0 3 1 1 1 0 0 0 0
OTU_1538 0 2 2 0 0 0 0 0 0 0 2 0 0 0 0 0 0 0 0 0 1 0 0
OTU_1550 0 0 0 0 0 0 0 0 0 0 0 1 0 6 3 0 0 1 0 0 0 0 0
OTU_1565 0 0 0 0 0 0 0 0 0 0 0 0 0 0 0 0 13 0 0 0 0 0 0
OTU_1579 0 0 0 0 0 0 0 0 0 0 0 0 2 0 6 0 0 0 0 0 0 0 0
OTU_1581 0 0 0 0 0 0 0 0 0 0 0 0 0 0 8 0 0 0 0 0 0 0 0
OTU_1587 0 0 0 0 0 1 0 0 0 0 0 0 0 0 0 1 0 1 2 0 0 0 0
OTU_1589 0 0 0 0 0 0 2 0 0 0 0 0 0 0 0 5 0 0 0 0 0 0 0
OTU_1590 0 0 0 0 0 0 0 0 0 0 0 0 0 0 0 12 0 0 0 0 0 0 0
OTU_1592 0 0 0 0 0 0 0 0 0 0 0 0 0 0 0 11 0 0 0 0 0 0 0
OTU_1598 0 0 0 0 0 0 0 0 0 0 0 0 0 0 0 0 0 8 0 0 0 1 0
OTU_1616 3 0 0 0 0 0 0 0 0 0 0 0 0 0 1 1 0 0 0 0 0 0 0
OTU_1620 0 0 0 0 0 0 0 0 0 0 1 0 0 2 3 0 0 0 1 0 0 0 0
OTU_1629 0 1 0 0 0 0 0 0 0 1 0 0 2 0 0 0 0 0 0 0 0 0 0
OTU_1646 0 0 0 0 0 0 1 3 0 0 0 0 0 0 0 0 0 0 0 0 1 0 0
OTU_1648 4 0 0 0 0 0 1 0 0 0 0 0 0 0 0 0 1 0 0 0 0 0 0
OTU_1650 4 0 0 0 0 0 0 0 0 0 0 0 0 0 0 0 0 0 0 0 0 0 0
OTU_1653 0 0 3 0 0 0 0 0 0 0 0 0 0 0 0 0 0 0 0 0 0 0 0
OTU_1656 0 0 1 6 0 0 0 0 0 0 0 0 0 0 0 0 0 0 0 0 0 0 0
OTU_1661 0 1 0 6 0 0 0 0 0 0 0 0 0 0 0 0 0 0 0 1 0 0 0
OTU_1670 0 0 0 0 0 0 0 0 0 0 0 1 3 0 0 0 0 0 0 0 0 0 0
OTU_1686 0 1 2 1 0 0 0 0 0 0 0 0 0 0 0 0 0 0 0 0 0 0 0
OTU_1699 0 0 0 0 0 3 0 0 0 0 0 0 0 0 0 0 0 0 0 0 0 0 0
OTU_1711 3 0 0 0 0 0 0 0 0 0 0 0 0 0 0 0 0 0 10 0 0 0 0
OTU_1713 0 2 0 1 0 0 0 1 0 0 0 0 0 0 0 0 0 0 0 0 0 0 0
OTU_1716 0 0 3 0 0 0 0 0 0 0 0 0 0 0 0 0 0 0 0 0 0 0 0
OTU_1717 0 0 0 11 2 1 9 3 0 0 0 0 0 0 0 0 0 0 0 0 0 0 0
OTU_1722 0 1 0 7 0 0 0 0 0 0 0 0 0 0 0 0 0 0 0 0 0 0 0
OTU_1723 1 1 0 0 4 0 1 0 0 0 0 0 0 0 0 1 0 0 1 0 0 0 0
OTU_1724 0 0 0 0 2 1 1 0 0 0 0 0 0 0 0 0 0 0 0 0 0 0 0
OTU_1729 0 0 0 0 4 2 4 5 0 0 0 0 0 0 0 0 0 0 1 0 0 0 0
OTU_1730 0 0 0 0 1 2 4 0 0 1 0 0 0 0 0 0 0 0 0 0 0 0 0
OTU_1731 0 0 0 0 0 0 7 0 0 0 0 0 0 0 0 0 0 0 0 0 0 0 0
OTU_1732 0 1 0 0 0 0 3 0 0 0 0 0 0 0 0 0 1 0 0 0 0 0 0
OTU_1736 0 1 1 3 0 0 0 1 0 0 0 0 0 0 0 0 0 0 0 0 0 0 0
OTU_1754 0 0 0 0 0 3 1 1 0 0 0 0 0 0 0 0 0 0 0 0 0 0 0
OTU_1762 0 1 0 1 0 1 2 1 0 0 0 0 0 0 0 0 1 0 0 0 0 0 0
OTU_1765 0 1 0 0 0 0 0 2 0 0 0 0 0 0 0 0 0 0 0 0 0 0 0
OTU_1766 0 1 1 0 0 0 2 1 0 0 0 0 0 0 0 0 1 0 0 0 0 0 0
OTU_1788 7 0 0 0 0 0 0 0 0 0 0 0 0 0 2 0 0 0 0 0 0 0 0
OTU_1791 0 2 4 0 0 0 0 0 0 0 0 0 0 0 0 0 0 0 0 0 0 0 0
OTU_1793 0 0 0 0 0 0 1 1 0 0 0 0 1 0 0 0 0 0 0 16 12 4 0
OTU_1800 0 0 0 0 0 0 0 0 0 0 0 1 1 1 1 0 0 0 1 0 0 0 0
OTU_1816 1 0 0 0 0 0 0 0 0 0 0 0 0 3 2 0 0 0 0 0 0 0 0
OTU_1820 0 0 0 0 0 0 0 0 0 0 0 2 1 1 1 0 0 0 0 0 1 0 0
OTU_1827 0 0 0 0 0 0 0 0 0 0 0 0 0 2 0 7 0 0 0 0 0 0 0
OTU_1855 0 0 0 0 0 0 0 0 0 0 0 0 0 0 0 0 0 0 0 0 10 0 0
OTU_1861 0 0 0 0 0 0 0 0 0 0 0 0 7 0 0 0 0 0 0 0 0 0 0
OTU_1863 0 0 0 0 0 0 0 0 0 0 0 1 0 5 0 0 0 0 0 0 0 0 0
OTU_1870 0 0 0 0 0 0 0 1 0 0 0 0 0 0 0 6 0 0 0 0 0 0 0
OTU_1882 0 0 0 0 0 0 0 0 0 0 0 0 0 0 0 1 2 3 3 0 0 0 0
OTU_1883 0 0 0 0 0 0 0 0 0 0 0 0 0 0 0 0 0 0 9 0 0 0 0
OTU_1894 0 2 0 2 0 0 0 0 0 0 0 0 0 0 0 0 0 0 0 0 4 1 0
OTU_1899 0 0 0 0 0 0 0 0 0 0 0 0 0 0 0 0 0 0 0 0 8 4 0
OTU_1953 1 1 1 0 0 0 0 0 0 0 0 0 0 0 0 0 0 0 0 0 0 0 0
OTU_1954 4 0 0 0 0 0 0 0 0 0 0 0 0 0 0 0 0 0 0 0 0 0 0
OTU_1955 0 0 2 1 0 0 0 0 0 0 0 0 0 0 0 0 1 0 0 0 0 0 0
OTU_1958 1 2 1 0 1 0 0 0 0 0 0 0 0 0 0 0 0 0 0 0 0 0 0
OTU_1961 0 1 0 0 1 0 1 1 0 0 0 0 0 0 0 0 0 0 0 0 0 0 0
OTU_1964 0 1 0 1 0 0 2 1 0 0 0 0 0 0 0 0 0 0 0 0 0 0 0
OTU_1991 2 2 0 0 0 0 0 0 0 0 0 0 0 0 0 1 0 0 0 0 0 0 0
OTU_1993 0 0 0 0 0 0 0 0 0 0 0 0 0 7 2 0 0 0 0 0 0 0 0
OTU_1994 2 1 1 0 0 0 0 0 0 0 0 0 0 0 0 0 7 0 0 0 0 1 0
OTU_2012 0 0 1 2 0 0 0 0 0 0 0 0 0 0 0 0 1 2 0 0 0 0 0
OTU_2027 0 1 1 1 1 0 0 0 0 0 0 0 0 0 0 0 0 0 0 0 0 0 0
OTU_2028 0 3 0 0 0 0 0 0 0 0 0 0 0 0 0 0 0 0 0 0 0 0 0
OTU_2030 0 1 2 0 0 0 0 0 0 0 0 0 0 0 0 0 0 0 0 0 0 0 0
OTU_2032 0 3 4 1 1 0 0 0 0 1 1 5 4 3 14 2 7 25 3 0 0 1 0
OTU_2039 0 0 1 20 0 0 0 0 0 0 0 0 0 0 0 0 0 0 0 0 0 0 0
OTU_2040 0 1 1 1 0 0 0 0 0 0 0 1 0 0 0 0 0 0 0 0 0 0 0
OTU_2044 0 0 0 9 0 0 0 0 0 0 0 0 0 0 0 0 0 0 0 0 0 0 0
OTU_2051 0 1 1 3 0 0 0 0 0 0 0 0 0 0 0 0 0 0 0 0 0 0 0
OTU_2058 0 0 0 0 1 0 0 2 0 0 0 1 0 0 0 0 0 0 0 0 0 0 0
OTU_2063 0 2 1 1 1 0 0 0 0 0 0 0 0 0 0 0 0 0 0 0 0 0 0
OTU_2065 0 0 0 0 0 2 0 0 0 0 0 0 0 0 0 0 0 0 0 0 0 0 0
OTU_2069 0 0 0 0 0 1 2 1 0 0 0 0 0 0 0 0 0 0 0 0 0 0 0
OTU_2071 0 0 0 0 0 0 6 1 0 0 0 0 0 0 0 0 0 0 0 0 1 0 0
OTU_2074 0 0 2 0 0 0 0 3 0 0 0 0 0 0 0 0 0 0 0 0 0 0 0
OTU_2075 0 0 0 0 1 2 0 1 0 0 0 0 0 0 0 0 0 0 0 0 0 0 0
OTU_2078 1 0 0 0 0 0 0 0 0 1 0 0 2 0 0 0 0 0 0 0 0 0 0
OTU_2081 0 0 0 1 0 0 0 0 0 0 8 0 0 0 0 0 0 0 0 0 0 0 0
OTU_2103 0 2 1 1 0 0 0 0 0 0 0 0 0 0 0 0 0 0 0 0 0 0 0
OTU_2114 0 0 2 3 0 0 0 0 0 0 0 0 0 0 0 0 1 0 0 0 0 0 0
OTU_2124 0 0 3 0 0 1 2 1 0 0 0 0 0 0 0 0 0 0 0 0 0 0 0
OTU_2126 0 0 0 0 0 1 1 1 0 0 0 0 0 0 0 0 0 0 0 0 0 0 0
OTU_2177 0 0 0 0 0 0 0 0 0 0 0 0 0 0 0 7 0 1 0 0 0 0 0
OTU_2178 0 1 0 0 2 1 0 0 0 0 0 0 0 0 0 0 0 0 0 0 0 1 0
OTU_2269 0 1 1 0 0 0 0 0 0 0 0 0 1 0 0 0 0 0 0 0 0 0 0
OTU_2307 0 0 0 0 0 0 0 0 0 0 0 6 0 0 1 0 0 0 0 0 0 0 0
OTU_2313 0 0 0 0 0 0 0 0 0 0 0 0 3 0 0 0 0 0 0 0 0 0 0
OTU_2338 2 0 0 0 0 0 1 0 0 0 0 0 0 0 0 0 3 0 1 0 0 0 0
OTU_2358 0 0 0 4 0 0 1 0 0 0 0 0 0 0 1 0 0 0 0 2 0 0 1
OTU_2369 1 0 1 1 0 0 0 0 0 0 0 0 0 0 0 0 0 0 0 0 3 0 0
OTU_2373 0 0 0 0 0 0 0 0 0 0 0 0 0 0 0 0 0 0 0 0 9 0 0
OTU_2375 0 0 0 0 0 0 0 0 0 0 0 0 0 0 0 0 0 0 1 1 8 1 4
OTU_2391 0 0 0 0 0 0 0 0 0 0 0 0 0 3 2 0 0 0 0 0 0 2 1
OTU_2400 0 0 0 0 0 0 0 0 1 0 0 1 0 3 1 0 0 0 0 0 3 0 0
OTU_2404 0 0 0 0 0 0 0 0 0 0 0 1 0 1 5 0 2 0 0 0 0 0 0
OTU_2423 0 0 0 0 0 0 0 0 0 0 0 6 1 0 4 5 1 3 0 0 0 1 0
OTU_2505 0 0 0 0 0 0 3 0 0 0 0 0 0 0 0 5 0 0 0 0 0 0 0
OTU_2577 3 0 0 0 0 0 0 0 0 0 0 0 0 0 3 0 0 0 0 0 0 0 0
OTU_2663 5 0 0 0 0 0 0 0 0 0 0 0 0 0 0 0 0 0 0 0 0 0 0
OTU_2678 5 0 0 0 0 0 0 0 0 0 0 0 0 0 0 0 0 0 0 0 0 0 0
OTU_2689 0 2 1 0 0 0 0 0 0 0 0 0 0 0 0 0 0 0 0 0 0 0 0
OTU_2690 0 2 1 0 0 0 0 0 0 0 0 0 0 0 0 0 0 0 0 0 0 0 0
OTU_2695 0 2 3 0 0 0 1 0 0 0 0 0 0 0 0 0 0 0 0 0 0 0 0
OTU_2703 0 0 0 2 0 0 4 0 0 0 0 0 0 0 1 0 0 0 0 0 0 0 0
OTU_2704 0 2 1 1 0 0 0 0 0 0 0 0 0 0 0 0 0 0 0 0 0 0 0
OTU_2715 0 0 0 2 1 0 1 1 0 0 0 0 0 0 0 0 1 0 0 0 0 0 0
OTU_2720 1 1 1 1 0 0 0 0 1 0 0 0 0 0 0 0 0 0 0 0 0 0 0
OTU_2735 0 1 0 0 0 1 0 0 0 0 0 0 0 0 0 0 0 0 1 0 0 0 0
OTU_2736 0 0 0 0 0 2 0 0 0 0 0 0 0 0 0 0 0 0 0 0 0 0 0
OTU_2754 0 0 0 0 0 0 0 5 0 0 0 0 0 0 0 0 0 0 0 0 0 0 0
OTU_2765 0 0 0 0 0 0 0 0 5 7 4 0 0 0 2 0 0 0 0 1 0 0 0
OTU_2768 1 0 0 0 0 0 0 0 1 2 3 0 0 0 1 0 0 0 0 0 0 0 0
OTU_2804 0 1 0 4 0 0 0 1 0 0 0 0 0 0 0 0 0 0 0 0 0 0 0
OTU_2819 0 1 0 2 0 0 0 1 0 0 0 0 0 0 0 0 0 0 0 0 0 1 1
OTU_2824 0 1 2 0 0 1 0 0 0 0 0 0 0 0 0 0 0 0 0 0 0 0 0
OTU_2830 0 1 1 1 1 0 0 1 0 0 0 0 0 0 0 0 0 0 0 0 0 1 2
OTU_2831 0 1 1 1 0 0 3 1 0 0 0 0 0 0 0 0 0 0 0 0 0 0 0
OTU_2843 0 0 0 0 0 2 0 1 0 0 0 0 0 0 0 0 0 0 0 0 0 0 0
OTU_2928 0 0 0 0 0 0 0 0 0 0 0 2 0 0 7 0 0 0 0 0 0 0 0
OTU_2946 3 0 0 0 0 0 2 0 0 0 0 2 0 3 17 1 6 46 24 1 0 0 0
OTU_2955 0 0 0 0 0 1 0 0 0 1 0 0 0 0 0 0 50 0 2 0 0 0 0
OTU_3038 0 0 0 0 0 0 0 0 0 0 0 0 0 0 0 0 0 0 0 0 0 1 9
OTU_3068 0 1 0 0 0 0 0 0 0 0 0 1 5 14 0 0 0 0 0 0 0 0 0
OTU_3082 1 0 0 0 1 0 0 1 0 0 0 16 1 7 14 0 0 0 0 6 0 0 0
OTU_3192 0 0 0 0 0 1 0 0 0 1 0 0 0 1 1 0 0 0 0 2 12 0 0
OTU_3206 0 0 0 1 0 0 0 0 1 1 0 0 0 0 0 0 0 0 0 12 32 0 0
OTU_3327 0 0 0 0 0 0 0 0 0 0 0 1 0 0 0 0 33 7 0 0 0 1 0
OTU_3352 0 0 0 0 0 0 0 0 0 0 0 0 0 0 0 2 0 5 3 0 0 0 0
OTU_3355 0 0 0 1 0 0 0 0 0 1 0 0 0 0 0 0 0 17 0 0 1 0 0
OTU_3365 0 2 0 0 2 0 0 1 0 1 1 3 0 1 0 1 1 0 2 2 1 1 2
OTU_3378 0 0 0 0 0 0 0 1 0 0 0 0 0 1 1 1 0 5 3 0 0 0 0
OTU_3385 0 0 0 0 0 0 0 0 0 0 0 0 0 0 0 0 0 0 0 25 0 0 0
OTU_3388 0 0 0 0 1 0 0 0 0 0 0 0 0 0 0 0 0 0 0 19 2 0 4
OTU_3398 0 0 0 1 0 0 0 0 0 1 0 1 0 1 0 0 0 1 0 6 8 5 0
OTU_3418 0 0 0 0 0 0 0 0 0 0 0 0 0 0 0 0 0 0 0 0 14 0 0
OTU_3444 1 1 0 0 1 0 1 0 0 0 1 0 0 0 2 0 0 0 2 2 0 58 12
OTU_3451 0 0 0 1 0 0 0 0 0 45 0 0 0 0 1 0 0 0 0 0 0 1 1
OTU_3546 0 0 0 0 0 0 0 0 0 0 0 0 0 0 0 0 0 20 0 1 0 0 0
OTU_3561 0 0 0 0 0 0 0 0 0 1 0 0 0 0 0 0 0 0 0 9 21 4 11
OTU_3579 0 0 0 0 0 0 0 0 0 0 0 0 0 0 0 0 0 0 0 3 9 0 0
OTU_3604 0 0 0 0 0 0 0 0 0 0 0 0 0 0 0 0 0 0 0 0 0 4 5
